-26270024.206271 144743564.941176 -4787.905794
-28841192.008245 144251579.900288 -4810.793378
-31403292.035241 143714434.868426 -4808.023042
-33955460.305175 143132331.353365 -4778.773462
-36496850.620550 142505502.209223 -4724.208513
-39026638.672402 141834204.777674 -4647.173055
-41544022.829438 141118713.930934 -4551.711351
-44048222.500016 140359316.466958 -4442.560057
-46538475.324493 139556307.368495 -4324.717991
-49014034.206643 138709987.711837 -4203.128907
-51474164.726026 137820663.705724 -4082.467239
-53918143.080280 136888646.353717 -3966.997579
-56345254.481285 135914251.386558 -3860.478316
-58754791.848686 134897799.280345 -3766.088166
-61146054.653085 133839615.306090 -3686.364205
-63518347.811901 132740029.632508 -3623.148220
-65870980.600556 131599377.531341 -3577.543113
-68203265.588820 130417999.725299 -3549.882836
-70514517.633892 129196242.889565 -3539.718194
-72804052.954610 127934460.287795 -3545.818344
-75071188.281111 126633012.510613 -3566.185347
-77315240.036090 125292268.301388 -3598.078567
-79535523.477600 123912605.504977 -3638.048187
-81731351.742476 122494412.254686 -3681.983500
-83902034.798525 121038088.603321 -3725.191644
-86046878.464896 119544048.868169 -3762.534398
-88165183.897045 118012724.929566 -3788.659529
-90256248.202076 116444570.504337 -3798.359416
-92319366.993531 114840065.940923 -3787.060722
-94353839.457754 113199722.436575 -3751.388983
-96358975.710315 111524084.114966 -3689.679817
-98334105.085983 109813726.638817 -3602.272724
-100278583.233953 108069252.158523 -3491.471957
-102191796.169674 106291281.859985 -3361.182297
-104073160.690046 104480448.200140 -3216.349053
-105922121.930250 102637388.625651 -3062.374373
-107738149.514109 100762741.564765 -2904.638079
-109520733.605512 98857144.519713 -2748.172021
-111269381.614045 96921233.596837 -2597.473836
-112983615.770437 94955643.769930 -2456.417453
-114662971.455152 92961009.359558 -2328.216122
-116306996.030642 90937964.442061 -2215.404785
-117915247.920626 88887143.089119 -2119.822467
-119487295.733036 86809179.463483 -2042.587203
-121022717.298616 84704707.866672 -1984.064959
-122521098.575078 82574362.861418 -1943.839611
-123982032.435597 80418779.584342 -1920.693751
-125405117.409759 78238594.331661 -1912.609819
-126789956.467054 76034445.455785 -1916.798636
-128136155.926448 73806974.571065 -1929.759054
-129443324.551129 71556828.050003 -1947.370000
-130711072.866769 69284658.805575 -1965.016324
-131939012.751942 66991128.393350 -1977.753204
-133126757.412701 64676909.500735 -1980.519267
-134273921.972368 62342688.872227 -1968.412337
-135380125.046615 59989170.591424 -1937.037848
-136444991.740277 57617079.365637 -1882.921313
-137468158.352962 55227163.080390 -1803.939817
-138449278.600890 52820193.597019 -1699.683051
-139388030.427362 50396964.861273 -1571.629046
-139388030.427362 50396964.861273 -1571.629046
-140284121.860510 47958288.074000 -1423.046045
-141137294.386467 45504984.737648 -1258.615944
-141947323.104847 43037879.215117 -1083.875012
-142714014.084009 40557792.477739 -904.622285
-143437200.138261 38065538.012543 -726.426516
-144116736.353474 35561919.938908 -554.295031
-144752496.265103 33047732.761409 -392.500050
-145344369.037966 30523762.008664 -244.519340
-145892257.584719 27990785.138196 -113.039832
-146396077.357106 25449572.325307 0.017556
-146855755.497900 22900886.973766 93.478447
-147271230.078600 20345485.946027 166.913195
-147642449.219316 17784119.614772 220.653664
-147969369.971931 15217531.900029 255.820735
-148251956.939648 12646460.485045 274.348324
-148490180.701249 10071637.397969 278.985914
-148684016.195297 7493790.101282 273.261355
-148833441.279270 4913643.149594 261.389581
-148938435.692959 2331920.376237 248.120294
-148998980.620642 -250652.521074 238.526466
-149015058.980495 -2833345.178741 237.742799
-148986656.506687 -5415419.744133 250.666965
-148913763.658254 -7996128.217013 281.637292
-148796378.388816 -10574710.157414 334.101926
-148634509.800484 -13150391.033900 410.300820
-148428182.614039 -15722381.601534 510.995299
-148177442.161740 -18289878.775511 635.296066
-147882359.278347 -20852068.371970 780.647306
-147543034.187160 -23408129.726845 943.007589
-147159598.481391 -25957241.642988 1117.222593
-146732214.714064 -28498588.620541 1297.526399
-146261073.792891 -31031366.204786 1478.068249
-145746390.978824 -33554784.635637 1653.363500
-145188401.509897 -36068070.595754 1818.607371
-144587356.684690 -38570467.396879 1969.842195
-143943520.839234 -41061234.208686 2104.008001
-143257169.267377 -43539644.922638 2218.922118
-142528586.889307 -46004987.076277 2313.230807
-141758067.373298 -48456561.061957 2386.363950
-140945912.413653 -50893679.673110 2438.510121
-140092430.915638 -53315667.914880 2470.616983
-139197937.909906 -55721862.914981 2484.411441
-138262753.110286 -58111613.705433 2482.424645
-137287199.144914 -60484280.609938 2467.998936
-136271599.630804 -62839233.983838 2445.248681
-135216277.404966 -65175852.138806 2418.947654
-134121553.324141 -67493518.452670 2394.325014
-132987746.043217 -69791617.887806 2376.770256
-131815173.048340 -72069533.347104 2371.470159
-130604152.984206 -74326642.398902 2383.019490
-129355009.063905 -76562314.857056 2415.054498
-128068073.178796 -78775911.541195 2469.952562
-126743690.274984 -80966784.351710 2548.628020
-125382222.596188 -83134277.651314 2650.441030
-123984053.438243 -85277730.865753 2773.227835
-122549590.073021 -87396482.153651 2913.455064
-121079265.499825 -89489872.889900 3066.492022
-119573538.741496 -91557252.546396 3226.979196
-118032893.582035 -93597983.402751 3389.251033
-116457835.927060 -95611444.484360 3547.755775
-114848890.253021 -97597034.272722 3697.414788
-113206595.764288 -99554172.027537 3833.881281
-111531502.833703 -101482297.879559 3953.686235
-109824170.101918 -103380872.072192 4054.286066
-108085162.357522 -105249373.793591 4134.042723
-106315049.108757 -107087299.974998 4192.170767
-104514403.631595 -108894164.298577 4228.680641
-102683802.233594 -110669496.515060 4244.337610
-100823823.482873 -112412842.045498 4240.645177
-98935047.195466 -114123761.736060 4219.851254
-97018053.046783 -115801831.544211 4184.964902
-95073418.783338 -117446641.860734 4139.760687
-93101718.172222 -119057796.136459 4088.737954
-91103519.032868 -120634908.531063 4036.997432
-89079381.897952 -122177600.485724 3990.003948
-87029859.942493 -123685496.454225 3953.227185
-84955500.681746 -125158219.424718 3931.690610
-82856849.531544 -126595387.141053 3929.498545
-80734454.779645 -127996609.898397 3949.431797
-78588873.092937 -129361490.406550 3992.689294
-76420674.594925 -130689625.665474 4058.812346
-74230446.794544 -131980610.353767 4145.781534
-72018797.044683 -133234041.058101 4250.245156
-69786353.544247 -134449520.744670 4367.829722
-67533765.070782 -135626663.052125 4493.490093
-65261699.669301 -136765096.140548 4621.867815
-62970842.511295 -137864465.914830 4747.633540
-60661893.142386 -138924438.478107 4865.792420
-58335562.372179 -139944701.712977 4971.933343
-55992569.095865 -140924965.967878 5062.407960
-53633637.333285 -141864963.936848 5134.434664
-51259493.707068 -142764449.926918 5186.133993
-48870865.469984 -143623198.769664 5216.511687
-46468479.067051 -144441004.633702 5225.410866
-44053059.113995 -145217679.940632 5213.454685
-41625327.608731 -145953054.499842 5181.996490
-39186003.168295 -146646974.878725 5133.087436
-36735800.094667 -147299303.924961 5069.462976
-34275427.117612 -147909920.259086 4994.539834
-31805585.750719 -148478717.461247 4912.403907
-29326968.347333 -149005602.604329 4827.757706
-26840256.168235 -149490493.784223 4745.786876
-24346118.043515 -149933316.444898 4671.906353
-21845210.414695 -150333998.658191 4611.367849
-19338179.487314 -150692466.061057 4568.756323
-16825665.748375 -151008637.650140 4547.462145
-14308310.283223 -151282423.725324 4549.255729
-11786761.564073 -151513726.743239 4574.079022
-9261681.163023 -151702444.892388 4620.100372
-6733747.311145 -151848477.372796 4683.993737
-4203656.049647 -151951730.087205 4761.347967
-1672120.405221 -152012120.731238 4847.107021
860131.694758 -152029582.788565 4935.972443
3392360.119090 -152004068.375918 5022.737467
5923815.414729 -151935550.108942 5102.549198
8453741.656051 -151824022.203201 5171.107208
10981379.168786 -151669500.976398 5224.808095
13505967.079670 -151472024.857301 5260.842500
16026745.641213 -151231653.975459 5277.248586
18542958.272898 -150948469.409898 5272.926082
21053853.271237 -150622572.198817 5247.617366
23558685.177538 -150254082.232748 5201.865134
26056715.845259 -149843137.152742 5136.958151
28547215.302352 -149389891.345776 5054.876245
31029462.543571 -148894515.074039 4958.242641
33502746.403058 -148357193.699632 4850.286253
35966366.640746 -147778126.877981 4734.808718
38419635.315629 -147157527.499108 4616.141115
40861878.396698 -146495620.072494 4499.064070
43292437.360267 -145792638.219036 4388.655062
45710670.249683 -145048821.028098 4290.024555
48115951.414389 -144264408.351286 4207.918744
50507669.096297 -143439635.664722 4146.210424
52885220.436445 -142574729.765307 4107.365542
55248004.391988 -141669906.851611 4092.029147
57595414.100720 -140725374.054489 4098.872749
59926830.701743 -139741334.280998 4124.764468
62241620.092289 -138717993.004640 4165.204290
64539132.904683 -137655565.150106 4214.884199
66818706.916034 -136554280.646727 4268.228796
69079670.683129 -135414388.085089 4319.826653
71321347.380936 -134236156.634484 4364.728059
73543058.263436 -133019876.715867 4398.628053
75744125.561369 -131765859.937516 4417.968982
77923874.865753 -130474438.657139 4419.993658
80081637.130351 -129145965.367949 4402.769765
82216750.417406 -127780811.981918 4365.195839
84328561.462878 -126379369.017245 4306.992091
86416427.087982 -124942044.680287 4228.676249
88479715.454102 -123469263.845904 4131.524744
90517807.155934 -121961466.963178 4017.521299
92530096.168765 -120419108.926746 3889.296834
94515990.698318 -118842657.944858 3750.064930
96474914.009458 -117232594.398923 3603.555015
98406305.316502 -115589409.628339 3453.940620
100309620.786265 -113913604.497980 3305.752687
102184334.618206 -112205687.531953 3163.758909
104029940.009570 -110466172.360502 3032.781937
105845949.590932 -108695574.287149 2917.427034
107631894.685715 -106894406.020527 2821.702021
109387322.656730 -105063173.078925 2748.548049
111111791.882201 -103202369.970152 2699.358473
112804864.695472 -101312478.633264 2673.620904
114466099.698933 -99393970.331718 2668.827847
116095045.548938 -97447311.055788 2680.729265
117691237.963183 -95472969.076082 2703.870949
119254200.421822 -93471422.528802 2732.257290
120783447.671522 -91443165.263601 2759.961633
122278490.502010 -89388710.230859 2781.573762
123738840.457164 -87308590.663361 2792.461819
125164013.741543 -85203359.784838 2788.885395
126553534.145122 -83073589.788640 2768.015752
127906935.141380 -80919870.610258 2727.911756
129223761.430006 -78742808.765670 2667.482868
130503570.179921 -76543026.335275 2586.454065
131745932.155735 -74321160.057974 2485.335540
132950432.826213 -72077860.449089 2365.393096
134116673.480076 -69813790.850901 2228.612362
135244272.324073 -67529626.348364 2077.650351
136332865.516044 -65226052.518390 1915.770223
137382108.089949 -62903764.012316 1746.757857
138391674.751303 -60563462.983368 1574.820571
139361260.543162 -58205857.356040 1404.467729
140290581.383560 -55831658.894714 1240.369660
141179374.434876 -53441580.980261 1087.185913
142027398.170816 -51036335.975953 949.348643
142834431.862447 -48616632.104107 830.785947
143600274.052527 -46183169.917186 734.579273
144324739.527980 -43736638.766307 662.574667
145007654.489517 -41277714.092800 615.009858
145648850.177679 -38807056.678764 590.263150
146248156.047484 -36325314.843430 584.842893
146805394.239551 -33833129.749406 593.685620
147320376.994980 -31331142.764375 610.722914
147792907.657695 -28820002.958051 629.571475
148222784.578680 -26300372.904374 644.167621
148609806.410916 -23772931.878110 649.221058
148953777.308376 -21238376.598595 640.455058
149254511.127389 -18697420.304890 614.672596
149511834.382458 -16150791.041942 569.716382
149725588.138073 -13599229.811937 504.384583
149895629.187612 -11043488.943438 418.343339
150021830.868137 -8484330.786205 312.056015
150104083.779802 -5922526.683573 186.733258
150142296.577264 -3358856.092164 44.297690
150136396.902343 -794105.688395 -112.648555
150086332.440795 1770931.691996 -280.867311
149992072.017476 4335458.399648 -456.551771
149853606.600968 6898673.664626 -635.427110
149670950.077216 9459775.635315 -812.888459
149444139.670476 12017963.708469 -984.175164
149173235.924950 14572441.068413 -1144.576740
148858322.187921 17122417.354955 -1289.665250
148499503.532067 19667111.393422 -1415.550093
148096905.013662 22205753.911564 -1519.151635
147650669.108435 24737590.096791 -1598.485540
147160952.158591 27261881.691359 -1652.936254
146627919.790436 29777908.114611 -1683.476017
146051741.587746 32284965.956965 -1692.763298
145432585.786413 34782366.296369 -1685.049301
144770615.162131 37269429.781799 -1665.852135
144065985.274824 39745480.208807 -1641.426940
143318845.633738 42209837.975506 -1618.136509
142529343.393925 44661814.902132 -1601.864243
141697628.430301 47100711.330055 -1597.584723
140823858.460569 49525815.554541 -1609.137053
139908203.263695 51936404.982494 -1639.176663
138950847.622573 54331748.178790 -1689.243610
137951993.090052 56711107.093122 -1759.882435
136911858.916807 59073739.036035 -1850.765540
135830682.526305 61418898.237411 -1960.793841
134708719.863450 63745837.009297 -2088.166714
133546245.846422 66053806.648459 -2230.426151
132343555.046714 68342058.274236 -2384.488445
131100962.617311 70609843.820303 -2546.681910
129818805.383046 72856417.387442 -2712.811305
128497442.906833 75081037.111741 -2878.268001
127137258.270009 77282967.604121 -3038.198550
125738658.281802 79461482.883441 -3187.733282
124302072.881818 81615869.589341 -3322.263167
122827953.613818 83745430.166830 -3437.741507
121316771.190353 85849485.694234 -3530.981021
119769012.283959 87927378.074674 -3599.917707
118185175.739848 89978471.386951 -3643.817746
116565768.420493 92002152.244255 -3663.407965
114911300.915132 93997829.019513 -3660.910669
113222283.428459 95964929.801018 -3639.961814
111499222.303826 97902899.020353 -3605.394178
109742617.757341 99811192.914209 -3562.882882
107952963.363825 101689274.322186 -3518.481328
106130747.546255 103536607.637832 -3478.111665
104276456.831387 105352654.814298 -3447.095623
102390580.164262 107136873.070603 -3429.803019
100473613.364976 108888714.449782 -3429.458247
98526062.946141 110607626.891809 -3448.098380
96548448.870445 112293056.211431 -3486.642054
94541306.212043 113944448.362456 -3545.016248
92505185.949372 115561251.537382 -3622.294872
90440655.226697 117142917.871597 -3716.819110
88348297.416470 118688904.712788 -3826.286319
86228712.249310 120198675.552618 -3947.808083
84082516.189164 121671700.806655 -4077.948396
81910343.129085 123107458.684714 -4212.760712
79712845.363134 124505436.420638 -4347.848355
77490694.647658 125865132.113116 -4478.475218
75244583.014748 127186057.339020 -4599.750087
72975222.888264 128467740.515612 -4706.894965
70683346.051208 129709730.724662 -4795.585061
68369701.182137 130911601.450442 -4862.320724
66035050.004672 132072953.550267 -4904.771037
63680162.462928 133193416.865749 -4922.026262
61305811.582182 134272650.177171 -4914.715005
58912768.695596 135310339.565796 -4884.972850
56501799.545231 136306195.517439 -4836.277353
54073661.527741 137259949.199019 -4773.179584
51629102.173840 138171348.308421 -4700.964809
49168858.864092 139040152.834879 -4625.271924
46693659.746153 139866131.044626 -4551.700278
44204225.757259 140649056.025665 -4485.435757
41701273.533959 141388703.127531 -4430.931271
39185518.839589 142084848.551055 -4391.673820
36657680.037525 142737269.163207 -4370.057350
34118481.153004 143345743.386401 -4367.360718
31568654.205978 143910052.829098 -4383.810482
29008940.705233 144429984.251029 -4418.696330
26440092.390540 144905331.499829 -4470.505424
23862871.439459 145335897.175826 -4537.048862
21278050.405413 145721493.925213 -4615.564507
18686412.140667 146061945.391770 -4702.792059
16088749.905232 146357086.961356 -4795.026595
13485867.783946 146606766.514146 -4888.165798
10878581.426423 146810845.459995 -4977.774032
8267718.976671 146969200.360072 -5059.192380
5654121.867508 147081725.396223 -5127.724872
3038644.952690 147148335.783443 -5178.921667
422155.332688 147168971.893908 -5208.954709
-2194470.658047 147143603.424801 -5215.041163
-4810352.396424 147072232.587825 -5195.828920
-7424611.271520 146954895.293635 -5151.641959
-10036377.184168 146791659.783983 -5084.510590
-12644793.960070 146582622.942478 -4997.975497
-15249022.801173 146327905.170707 -4896.720786
-17848243.577711 146027644.924707 -4786.125647
-20441654.321984 145681993.772644 -4671.817639
-23028469.516792 145291112.411497 -4559.279956
-25607917.718833 144855167.725278 -4453.533221
-28179238.883706 144374330.788668 -4358.892797
-30741681.604929 143848775.689788 -4278.796186
-33294500.403128 143278679.079841 -4215.696010
-35836953.191655 142664220.382799 -4171.015849
-38368299.056777 142005582.582724 -4145.164958
-40887796.481508 141302953.457739 -4137.603441
-43394702.092819 140556527.079564 -4146.943924
-45888269.931332 139766505.377145 -4171.072188
-48367751.156480 138933099.587163 -4207.269395
-50832394.034505 138056531.477567 -4252.322572
-53281444.026289 137137034.315938 -4302.616786
-55714143.798994 136174853.645683 -4354.210538
-58129733.027438 135170248.019791 -4402.904363
-60527447.929407 134123489.918595 -4444.320936
-62906520.603249 133034867.133806 -4474.022397
-65266178.417351 131904684.906247 -4487.694691
-67605643.929660 130733269.000836 -4481.424244
-69924136.020933 129520969.617997 -4452.071558
-72220872.947401 128268165.555613 -4397.704536
-74495077.654242 126975267.492103 -4317.999753
-76745984.883190 125642719.012480 -4214.482250
-78972848.667227 124270994.420693 -4090.492531
-81174948.351207 122860593.462599 -3950.854642
-83351591.732259 121412034.240222 -3801.329044
-85502115.031137 119925846.098032 -3647.999767
-87625880.456953 118402563.887408 -3496.733708
-89722272.568244 116842724.180664 -3352.785990
-91790694.462791 115246863.276680 -3220.558479
-93830564.384595 113615516.493088 -3103.479451
-97822380.808322 110248502.435527 -2923.418568
-99773217.005536 108513903.302676 -2862.283153
-101693277.282927 106745956.094957 -2820.082209
-103582022.920235 104945198.118890 -2795.502757
-105438919.722279 103112169.809313 -2786.485727
-107263437.294168 101247415.894504 -2790.331328
-109055048.583774 99351486.575025 -2803.811939
-110813229.652444 97424938.645804 -2823.285468
-112537459.594992 95468336.514320 -2844.803471
-114227220.504802 93482253.117777 -2864.212340
-115881997.382804 91467270.809582 -2877.251875
-117501277.929745 89423982.358113 -2879.662793
-119084552.248383 87352992.262968 -2867.321743
-120631312.623991 85254918.619885 -2836.427196
-122141053.745082 83130395.710167 -2783.757900
-123613273.930285 80980077.288826 -2707.011006
-125047478.023729 78804640.147472 -2605.192952
-126443182.411997 76604786.989614 -2478.984444
-127799921.937780 74381247.248983 -2330.952918
-129117257.467925 72134774.649219 -2165.483726
-130394782.099172 69866141.297955 -1988.377252
-131632124.155533 67576129.534709 -1806.189868
-132828946.339291 65265523.677917 -1625.500099
-133984941.869868 62935103.605877 -1452.287542
-135099829.247421 60585641.037187 -1291.529988
-136173347.144328 58217898.267812 -1147.022713
-137205250.270441 55832628.540940 -1021.360732
-138195306.405325 53430577.196663 -916.011064
-139143294.402063 51012483.006086 -831.418536
-140049002.840828 48579079.393140 -767.113190
-139143294.402063 51012483.006086 -831.418536
-140049002.840828 48579079.393140 -767.113190
-140912229.042517 46131095.468859 -721.807730
-141732778.247838 43669256.925991 -693.486046
-142510462.867878 41194286.885847 -679.489481
-143245101.790751 38706906.781331 -676.608079
-143936519.774562 36207837.324820 -681.181621
-144584546.968443 33697799.568320 -689.211723
-145189018.587533 31177516.034170 -696.483375
-145749774.738585 28647711.889893 -698.693403
-146266660.368958 26109116.164253 -691.585078
-146739525.312231 23562463.046591 -671.092180
-147168224.443888 21008493.361664 -633.501055
-147552618.048803 18447956.341178 -575.643213
-147892572.633933 15881611.784241 -495.130478
-148187962.563980 13310232.566212 -390.634905
-148438672.976718 10734607.181774 -262.191907
-148644604.312755 8155541.616336 -111.467383
-148805678.331753 5573859.491638 58.109564
-148921844.699151 2990399.447646 241.457719
-148993086.470074 406009.399242 432.258344
-149019422.684370 -2178461.471608 623.623042
-149000907.166992 -4762171.055224 808.852715
-148937624.076125 -7344290.915501 982.089850
-148829681.819707 -9924009.980176 1138.731107
-148677207.083774 -12500535.389767 1275.578688
-148480340.082676 -15073091.399362 1390.794409
-148239231.343164 -17640917.393026 1483.748219
-147954039.791082 -20203265.803063 1554.837181
-147624931.701575 -22759400.346533 1605.319553
