-2.626999439843885E7 1.4474357037339762E8 -4787.9053896814585 
-2.884116230031447E7 1.4425158585622114E8 -4810.793257854879 
-3.140326243728931E7 1.4371444134594208E8 -4808.02322793752 
-3.395543082710949E7 1.4313233834993723E8 -4778.7739514783025 
-3.6496821272043884E7 1.425055097220021E8 -4724.209281265736 
-3.9026609462861896E7 1.4183421280356595E8 -4647.174062304199 
-4.1543993768016584E7 1.411187224666805E8 -4551.712544344366 
-4.4048193595635414E7 1.4035932550918594E8 -4442.5613801032305 
-4.653844658588373E7 1.3955631691375247E8 -4324.719386406243 
-4.901400564237364E7 1.387099977566089E8 -4203.130317933857 
-5.147413634453208E7 1.3782067424643803E8 -4082.468613564968 
-5.391811488988413E7 1.3688865738674667E8 -3966.9988699927926 
-5.634522649021306E7 1.359142629082213E8 -3860.479484565556 
-5.8754764065080926E7 1.3489781128690454E8 -3766.089177623391 
-6.114602708502241E7 1.3383962779375373E8 -3686.3650353252888 
-6.351832046739788E7 1.3274004259742612E8 -3623.1488507390022 
-6.587095348758566E7 1.3159939096960172E8 -3577.5435367897153 
-6.820323871532346E7 1.3041801363292468E8 -3549.883052930236 
-7.051449100779033E7 1.2919625726250684E8 -3539.7182145118713 
-7.280402658381133E7 1.2793447512192443E8 -3545.818185888231 
-7.50711621735246E7 1.2663302780171013E8 -3566.1850382238626 
-7.731521419963269E7 1.2529228404513466E8 -3598.078143425286 
-7.953549792020716E7 1.2391262169694258E8 -3638.047692887485 
-8.173132647211398E7 1.224944288903132E8 -3681.9829859286547 
-8.390200982320227E7 1.2103810567790323E8 -3725.1911672726274 
-8.604685379267327E7 1.1954406637681593E8 -3762.5340205430984 
-8.816515953603776E7 1.1801274286716174E8 -3788.659311644733 
-9.02562241604349E7 1.1644458886548552E8 -3798.3594170361757 
-9.231934327940035E7 1.1484008471989274E8 -3787.0609884485602 
-9.435381607919787E7 1.1319974162725982E8 -3751.3895453587174 
-9.635895267522319E7 1.1152410371087927E8 -3689.68068228662 
-9.635895267522319E7 1.1152410371087927E8 -3689.68068228662 
-9.833408240197541E7 1.0981374663312967E8 -3602.2738768160343 
-1.0027856090831639E8 1.0806927254414043E8 -3491.4733609482646 
-1.0219177420933427E8 1.0629130262963855E8 -3361.183899000287 
-1.0407313910158254E8 1.0448046934647012E8 -3216.350792840123 
-1.059221007199352E8 1.0263741014126948E8 -3062.376186750829 
-1.0773812868795502E8 1.0076276344228569E8 -2904.639906093478 
-1.0952071316931434E8 9.885716675176482E7 -2748.173807017505 
-1.1126936157341607E8 9.692125617606631E7 -2597.475530959666 
-1.1298359613082705E8 9.495566668899132E7 -2456.4190170690417 
-1.14662952221867E8 9.296103261111166E7 -2328.2175204977393 
-1.1630697720885585E8 9.093798801876977E7 -2215.4059942290187 
-1.1791522951538807E8 8.88871669836426E7 -2119.82346829772 
-1.1948727774928504E8 8.680920366848081E7 -2042.587988935411 
-1.2102269974118777E8 8.470473237480198E7 -1984.0655290856957 
-1.2252108144872269E8 8.257438766533357E7 -1943.8399747945368 
-1.2398201574499114E8 8.041880467668626E7 -1920.6939271986485 
-1.2540510115952235E8 7.823861970505938E7 -1912.609835408628 
-1.2678994066175976E8 7.603447110283357E7 -1916.7985290177166 
-1.2813614057063615E8 7.380700048431286E7 -1929.758868329227 
-1.294433096493174E8 7.155685422193503E7 -1947.3697869740427 
-1.3071105842345735E8 6.928468522858949E7 -1965.0161380246282 
-1.3193899877161458E8 6.699115505973019E7 -1977.7531041763723 
-1.3312674389982595E8 6.4676936402619794E7 -1980.519311901182 
-1.342739089313833E8 6.234271600157376E7 -1968.4125805199146 
-1.3538011248190457E8 5.998919793997164E7 -1937.0383375100791 
-1.364449796561258E8 5.761710692486632E7 -1882.9220808632672 
-1.374681467534929E8 5.522719084150541E7 -1803.9408780671656 
-1.384492674899825E8 5.2820221550953016E7 -1699.6844005174935 
-1.384492674899825E8 5.2820221550953016E7 -1699.6844005174935 
-1.3938801980857924E8 5.039699299872415E7 -1571.6306546144187 
-1.4028411173704082E8 4.795831638550577E7 -1423.0478669963777 
-1.4113728476110658E8 4.5505013213669896E7 -1258.6179180927575 
-1.4194731398001224E8 4.3037907846123084E7 -1083.8770712222904 
-1.4271400546177983E8 4.055782125426487E7 -904.6243633683771 
-1.4343719202043572E8 3.8065566925226815E7 -726.4285521153361 
-1.4411672874161664E8 3.556194897849862E7 -554.2969706524163 
-1.447524891605832E8 3.3047761918763723E7 -392.5018486138433 
-1.4534436244198322E8 3.052379127474025E7 -244.52096205949783 
-1.4589225149832264E8 2.799081450403875E7 -113.04125022888184 
-1.4639607178120518E8 2.5449601782042645E7 0.01635974831879139 
-1.4685575043327397E8 2.2900916512595583E7 93.4774807523936 
-1.4727122552590495E8 2.0345515558229737E7 166.91246066242456 
-1.4764244517909867E8 1.7784149291699853E7 220.65315263997763 
-1.479693664446415E8 1.5217561633108562E7 255.82042847853154 
-1.4825195392565882E8 1.2646490265771955E7 274.3481958275661 
-1.4849017820087126E8 1.0071667217900764E7 278.98592744534835 
-1.4868401420880288E8 7493819.952019827 273.26146522909403 
-1.4883343980690232E8 4913673.0227602655 261.3897364381701 
-1.489384347349442E8 2331950.2634482225 248.12043591111433 
-1.4899898017718872E8 -250622.6282382579 238.5265355403826 
-1.4901505905178782E8 -2833315.2887714426 237.74273794004694 
-1.4898665709286848E8 -5415389.865624618 250.6667181653902 
-1.4891376475939712E8 -7996098.358690371 281.63681456726044 
-1.4879638000488758E8 -1.0574680328157587E7 334.1011847225018 
-1.4863451193129814E8 -1.3150361242759602E7 410.2997958706692 
-1.484281852591992E8 -1.572235185772738E7 510.9939939174801 
-1.481774453205833E8 -1.828984908840576E7 635.2944991085678 
-1.4788236294989026E8 -2.085203875103641E7 780.6455163480714 
-1.4754303837006226E8 -2.3408100181597464E7 943.0056303627789 
-1.4715960317394766E8 -2.595721218290865E7 1117.2205295544118 
-1.4715960317394766E8 -2.595721218290865E7 1117.2205295544118 
-1.4673221991422212E8 -2.849855925501405E7 1297.524299846962 
-1.4626107949829224E8 -3.1031336943042558E7 1478.0661793015897 
-1.4574639718685225E8 -3.355475548672394E7 1653.361521081999 
-1.451884082177308E8 -3.606804156852449E7 1818.6055327188224 
-1.4458736388933933E8 -3.857043849999756E7 1969.8405384998769 
-1.4394352853757444E8 -4.106120545064002E7 2104.0065557602793 
-1.4325717745616323E8 -4.35396163117498E7 2218.9209056142718 
-1.4252859556519002E8 -4.600495862071687E7 2313.2298378534615 
-1.4175807653283018E8 -4.845653276975052E7 2386.3632264211774 
-1.4094592205329996E8 -5.0893651552139886E7 2438.509635966271 
-1.4009244103178653E8 -5.331563997288829E7 2470.616721495986 
-1.3919794849887908E8 -5.572183515957004E7 2484.4113786518574 
-1.382627641683636E8 -5.811158614407035E7 2482.4247476384044 
-1.372872106683515E8 -6.048425324996552E7 2467.9991596527398 
-1.362716116158578E8 -6.283920683249271E7 2445.248974543065 
-1.3521628984791043E8 -6.517582520324805E7 2418.9479592740536 
-1.3412156622127484E8 -6.749349174001935E7 2394.325268767774 
-1.3298775939086246E8 -6.979159140518603E7 2376.7703973539174 
-1.3181518684282115E8 -7.206950710168265E7 2371.470130432397 
-1.3060416722181669E8 -7.432661639792478E7 2383.0192437916994 
-1.2935502374086167E8 -7.656228910786659E7 2415.0539980717003 
-1.2806808829119071E8 -7.877588605124533E7 2469.951789755374 
-1.2674370581873153E8 -8.096675912854797E7 2548.6269731521606 
-1.253822385669814E8 -8.313425270256355E7 2650.439724586904 
-1.2398406983151083E8 -8.527770619907477E7 2773.2263047136366 
-1.2254960688390347E8 -8.739645777669519E7 2913.453357025981 
-1.2107928272315826E8 -8.948984881025246E7 3066.4901965893805 
-1.1957355637182133E8 -9.155722877151999E7 3226.9773168228567 
-1.1803291161361821E8 -9.359795993993771E7 3389.249166712165 
-1.1645785435393016E8 -9.561142134068733E7 3547.753982067108 
-1.1645785435393016E8 -9.561142134068733E7 3547.753982067108 
-1.1484890906901641E8 -9.759701145503318E7 3697.4131249785423 
-1.1320661496309602E8 -9.955414954243211E7 3833.8797922357917 
-1.1153152240890186E8 -1.0148227573340009E8 3953.684955947101 
-1.0982419004700214E8 -1.033808502711133E8 4054.285020388663 
-1.0808518266592544E8 -1.0524935234351617E8 4134.041923932731 
-1.0631506977386531E8 -1.070872788816501E8 4192.170220181346 
-1.045144246467531E8 -1.0889414356749178E8 4228.68034157902 
-1.0268382359211773E8 -1.1066947615158771E8 4244.337544538081 
-1.0082384517805678E8 -1.1241282205481145E8 4240.645323254168 
-9.89350692205961E7 -1.1412374212315235E8 4219.8515826538205 
-9.70180753951583E7 -1.1580181231390542E8 4184.9653738588095 
-9.507344144828977E7 -1.1744662301769239E8 4139.761253520846 
-9.310174114714144E7 -1.1905777768520358E8 4088.7385593876243 
-9.110354231122307E7 -1.2063489047600934E8 4036.998013675213 
-8.907940547329865E7 -1.221775828312281E8 3990.0044428408146 
-8.702988380846743E7 -1.2368547920463277E8 3953.227531924844 
-8.495552483203147E7 -1.2515820258441815E8 3931.6907545104623 
-8.285687395982206E7 -1.265953707145095E8 3929.4984460026026 
-8.073447947953208E7 -1.2799659389016625E8 3949.43143247813 
-7.858889805792065E7 -1.2936147482126902E8 3992.688658967614 
-7.642069981831329E7 -1.3068961050782767E8 4058.811454474926 
-7.423047226942416E7 -1.3198059562844455E8 4145.780418656766 
-7.201882276390617E7 -1.3323402676974264E8 4250.243861831725 
-6.978637950042197E7 -1.3444950689781755E8 4367.828303858638 
-6.753379125628424E7 -1.3562664965117326E8 4493.488612920046 
-6.526172607629538E7 -1.3676508318970317E8 4621.8663339316845 
-6.297086913176121E7 -1.3786445341807795E8 4747.632119089365 
-6.066191996815744E7 -1.3892442643918768E8 4865.791114099324 
-5.833558939497535E7 -1.399446901353734E8 4971.932198569179 
-5.599259630733041E7 -1.409249548548123E8 5062.4070152416825 
-5.363366472502096E7 -1.418649532912873E8 5134.433945648372 
-5.363366472502096E7 -1.418649532912873E8 5134.433945648372 
-5.125952127065758E7 -1.4276443975158542E8 5186.133516579866 
-4.887089319701217E7 -1.4362318906705016E8 5216.511460311711 
-4.646850694911809E7 -1.4444099540608305E8 5225.410885773599 
-4.4053087142728716E7 -1.4521767119007608E8 5213.454939313233 
-4.162535577579302E7 -1.4595304622822165E8 5181.996959395707 
-3.918603146539085E7 -1.466469670877199E8 5133.088093042374 
-3.673582851355889E7 -1.472992966160673E8 5069.463785007596 
-3.427545565013451E7 -1.479099134336186E8 4994.54075178504 
-3.1805614388803214E7 -1.4847871112035704E8 4912.404881596565 
-2.932699708302486E7 -1.490055967490216E8 4827.758680507541 
-2.6840284993720923E7 -1.4949048841539568E8 4745.787788324058 
-2.4346146951127563E7 -1.4993331156338853E8 4671.907140262425 
-2.184523939690215E7 -1.503339942648364E8 4611.368453353643 
-1.933820853668006E7 -1.5069246215675035E8 4568.756697848439 
-1.6825694857496966E7 -1.510086342358675E8 4547.462259158492 
-1.430833944465103E7 -1.5128242080217382E8 4549.255573242903 
-1.1786790770235416E7 -1.5151372431237322E8 4574.078607171774 
-9261710.406170502 -1.517024429549913E8 4620.099728025496 
-6733776.583324907 -1.5184847593000644E8 4683.99291022867 
-4203685.342700678 -1.5195172914005232E8 4761.347013019025 
-1672149.710806443 -1.5201212028058997E8 4847.1060000658035 
860102.3851425917 -1.5202958283508778E8 4935.971416756511 
3392330.814070536 -1.5200406892005044E8 5022.736494444311 
5923786.123022325 -1.5193555115087765E8 5102.548331730068 
8453712.386433452 -1.5182402374287924E8 5171.106493972242 
1.098134993006091E7 -1.5166950301350072E8 5224.807571031153 
1.350593788064274E7 -1.5147202739125764E8 5260.842193447053 
1.6026716490660539E7 -1.512316570054505E8 5277.248514614999 
1.8542929179552738E7 -1.5094847293486786E8 5272.926253966987 
2.1053824243765257E7 -1.506225762174855E8 5247.617779418826 
2.1053824243765257E7 -1.506225762174855E8 5247.617779418826 
2.3558656224527493E7 -1.5025408674362254E8 5201.865777075291 
2.6056686975206297E7 -1.4984314215413013E8 5136.959006160498 
2.8547186523656536E7 -1.4938989683579803E8 5054.877285055816 
3.102943386452253E7 -1.4889452105063528E8 4958.2438318654895 
3.350271783182631E7 -1.483572001605727E8 4850.287553630769 
3.596633818536663E7 -1.4777813382087582E8 4734.810081914067 
3.8419606983988166E7 -1.4715753492142227E8 4616.142488442361 
4.08618501965099E7 -1.4649562797157115E8 4499.065396018326 
4.329240929905812E7 -1.4579264659213138E8 4388.6562814339995 
4.571064233478715E7 -1.450488298724301E8 4290.025609724224 
4.811592365295963E7 -1.44264417664095E8 4207.91958232224 
5.050764149535115E7 -1.434396454433259E8 4146.211009055376 
5.2885193002934545E7 -1.4257474000714216E8 4107.365854911506 
5.5247977132889725E7 -1.416699175542335E8 4092.0291913822293 
5.759538702311674E7 -1.4072538521553737E8 4098.872552298009 
5.9926803812883265E7 -1.3974134589812365E8 4124.764074705541 
6.224159339960294E7 -1.38718005075422E8 4165.203757546842 
6.453910641576691E7 -1.3765557767197907E8 4214.883591614664 
6.681868063861335E7 -1.3655429361692783E8 4268.228178136051 
6.907964462501314E7 -1.3541440150062302E8 4319.8260856717825 
7.132132154997648E7 -1.3423617049211267E8 4364.727595418692 
7.354303266748735E7 -1.3301989101210709E8 4398.627738393843 
7.574410020826069E7 -1.3176587466863844E8 4417.968853749335 
7.79238497632627E7 -1.304744538191799E8 4419.993742860854 
8.00816122861855E7 -1.2914598095671535E8 4402.770080514252 
8.221672583917792E7 -1.2778082799299498E8 4365.196393929422 
8.432853715809362E7 -1.2637938544600864E8 4306.992882303894 
8.64164030640211E7 -1.249420615219147E8 4228.677267499268 
8.847969171820818E7 -1.234692810953857E8 4131.5259707048535 
9.05177837152011E7 -1.2196148461533014E8 4017.5227061659098 
9.253007303012554E7 -1.204191269762247E8 3889.2983882054687 
9.253007303012554E7 -1.204191269762247E8 3889.2983882054687 
9.451596786853541E7 -1.1884267638617113E8 3750.066591322422 
9.647489149511756E7 -1.1723261322644511E8 3603.5567366480827 
9.840628312399839E7 -1.1558942883632481E8 3453.942351937294 
1.0030959892179024E8 -1.1391362408058323E8 3305.7543753534555 
1.0218431308773652E8 -1.1220570748325427E8 3163.7604982703924 
1.0402991881885968E8 -1.1046619267453848E8 3032.7833710089326 
1.0584592874551067E8 -1.0869559495796296E8 2917.4282625466585 
1.0763187419090678E8 -1.0689442704221654E8 2821.703002527356 
1.0938730251769775E8 -1.0506319444569841E8 2748.5487582981586 
1.1111177210401905E8 -1.0320239167635816E8 2699.3589038550854 
1.1280484528321195E8 -1.0131250067339376E8 2673.621073678136 
1.1446608065775332E8 -9.939399270036073E7 2668.827796690166 
1.1609502688413428E8 -9.744733374755253E7 2680.7290504947305 
1.176912196802044E8 -9.547299208550516E7 2703.8706394806504 
1.1925418252624314E8 -9.34714458502683E7 2732.2569543495774 
1.207834301689909E8 -9.144318889128725E7 2759.9613379761577 
1.2227847339819388E8 -8.938873415871213E7 2781.573565337807 
1.2373882375769585E8 -8.730861488509169E7 2792.4617701768875 
1.2516399745198254E8 -8.520338429393126E7 2788.8855315595865 
1.2655351827092817E8 -8.30736145783684E7 2768.016102295369 
1.2790691968789022E8 -8.091989567369574E7 2727.9123361818492 
1.2922374640241995E8 -7.874283409570551E7 2667.4836866520345 
1.3050355558328824E8 -7.654305192462179E7 2586.455120317638 
1.3174591799493957E8 -7.432118589918058E7 2485.336821939796 
1.3295041910596418E8 -7.207788653455004E7 2365.394586548209 
1.3411666020489171E8 -6.981381717286888E7 2228.614033035934 
1.352442594982706E8 -6.752965289896262E7 2077.652168266475 
1.3633285314372727E8 -6.522607928962849E7 1915.772145602852 
1.3738209617499754E8 -6.290379099610722E7 1746.7598389089108 
1.3839166329736537E8 -6.056349017154963E7 1574.8225611262023 
1.393612495536484E8 -5.820588474039115E7 1404.469673924148 
1.393612495536484E8 -5.820588474039115E7 1404.469673924148 
1.402905708616359E8 -5.5831686466983944E7 1240.3715054281056 
1.4117936438345906E8 -5.344160873219207E7 1087.1876054815948 
1.4202738859258005E8 -5.1036363899319045E7 949.3501332215965 
1.428344227598317E8 -4.8616660190747194E7 830.7871944531798 
1.4360026542776117E8 -4.618319815905079E7 734.580248683691 
1.443247313831306E8 -4.3736667155495435E7 662.575357703492 
1.4500764682655358E8 -4.1277742621580206E7 615.0102712474763 
1.4564884299855268E8 -3.880708533956644E7 590.263316590339 
1.462481493542016E8 -3.63253436288066E7 584.8428621329367 
1.4680538803422758E8 -3.38331586519497E7 593.685458060354 
1.4732037127984536E8 -3.1331171776630502E7 610.7226939462125 
1.4779290243506357E8 -2.8820032072437957E7 629.5712704379112 
1.4822277985089403E8 -2.6300402113129154E7 644.1674983948469 
1.4860980218028405E8 -2.3772961173271492E7 649.2210725769401 
1.4895377357711542E8 -2.1238405971999887E7 640.4552527070045 
1.49254507897586E8 -1.869744974819357E7 614.6730023026466 
1.4951183165603757E8 -1.6150820546639249E7 569.7170186582953 
1.497255859167866E8 -1.359925936938374E7 504.38545931410044 
1.4989562747302264E8 -1.104351854486736E7 418.34445340558887 
1.5002182966161266E8 -8484360.422738507 312.05735825700685 
1.5010408308250508E8 -5922556.34623429 186.73481217725202 
1.5014229639014396E8 -3358885.771888748 44.29942843015306 
1.5013639722612414E8 -794135.3760401193 -112.6466659749276 
1.5008633327596188E8 1770902.0056367966 -280.86531262053177 
1.499920733642634E8 4335428.723829211 -456.5497110283468 
1.4985360845934924E8 6898644.008626352 -635.4250386143103 
1.4967095244689468E8 9459746.008412432 -812.8864316842519 
1.4944414255088687E8 1.201793411991355E7 -984.1732357880101 
1.4917323931525797E8 1.4572411527393956E7 -1144.5749639123678 
1.4885832608703423E8 1.7122387870572694E7 -1289.6636752095073 
1.4885832608703423E8 1.7122387870572694E7 -1289.6636752095073 
1.4849950793864903E8 1.9667081974653285E7 -1415.5487600378692 
1.480969099261588E8 2.2205724567233928E7 -1519.1505734072998 
1.4765067452510917E8 2.4737560835543577E7 -1598.4847661107779 
1.471609580775693E8 2.726185252163712E7 -1652.93576576747 
1.466279262097687E8 2.977787904465203E7 -1683.4757928065956 
1.4605174850546813E8 3.2284936994819537E7 -1692.7632988579571 
1.4543259320060343E8 3.478233744994354E7 -1685.0494681075215 
1.447706230709463E8 3.7269401058924295E7 -1665.8524000644684 
1.440659936765035E8 3.9745451617318474E7 -1641.4272277392447 
1.433188545265749E8 4.2209809523311056E7 -1618.1367484144866 
1.4252935277621058E8 4.466178659725805E7 -1601.8643706962466 
1.416976383002635E8 4.7100683180671215E7 -1597.5846867226064 
1.408238688163206E8 4.9525787568950035E7 -1609.1368167325854 
1.3990821410318854E8 5.193637716911528E7 -1639.1762016229331 
1.3895085894357494E8 5.433172054613159E7 -1689.2429121397436 
1.379520048901284E8 5.671107964975716E7 -1759.8814991004765 
1.369118711933161E8 5.9073711790579036E7 -1850.7643745914102 
1.3583069527639195E8 6.141887119850867E7 -1960.7924625910819 
1.3470873308404443E8 6.374581018561005E7 -2088.1651479639113 
1.3354625953422956E8 6.605378004865475E7 -2230.424429759383 
1.3234356919820747E8 6.834203190697992E7 -2384.4866073057055 
1.3110097722872001E8 7.060981769424415E7 -2546.6800013780594 
1.2981882045034237E8 7.28563915111934E7 -2712.809376563877 
1.2849745842572017E8 7.508101149385811E7 -2878.26610833779 
1.2713727423591575E8 7.728294225306588E7 -3038.1967499367893 
1.2573867468988411E8 7.946145780754924E7 -3187.7316299788654 
1.2430208972697046E8 8.161584479678383E7 -3322.261713542044 
1.2282797089069782E8 8.37454056655779E7 -3437.7402937561274 
1.2131678889341377E8 8.584946149202788E7 -3530.9800796099007 
1.197690304074885E8 8.792735417900394E7 -3599.9170536771417 
1.181851942780188E8 8.997844780504674E7 -3643.8173817135394 
1.181851942780188E8 8.997844780504674E7 -3643.8173817135394 
1.165657873674092E8 9.20021289830865E7 -3663.407871425152 
1.1491132026487829E8 9.399780608580911E7 -3660.910813137889 
1.1322230317514667E8 9.596490720129585E7 -3639.9621452763677 
1.1149924244162695E8 9.790287676096408E7 -3605.394635513425 
1.0974263828050551E8 9.981117100139928E7 -3562.8833971992135 
1.0795298426667443E8 1.0168925276215346E8 -3518.481829240918 
1.0613076882315579E8 1.0353658643678436E8 -3478.11208794266 
1.0427647847670321E8 1.0535263397848739E8 -3447.0959100425243 
1.0239060217230208E8 1.0713685260634226E8 -3429.8031260222197 
1.0047363572994629E8 1.0888869436343995E8 -3429.458144426346 
9.852608566210516E7 1.106076071897921E8 -3448.098050005734 
9.654847193130013E7 1.1229303690015683E8 -3486.641492277384 
9.454132961150475E7 1.139444294483272E8 -3545.015460342169 
9.250520968097034E7 1.1556123302676679E8 -3622.2938736006618 
9.04406792837731E7 1.171428997708066E8 -3716.817924812436 
8.834832179217881E7 1.186888870280697E8 -3826.2849761769176 
8.62287369366137E7 1.2019865829014358E8 -3947.806619912386 
8.408254118082845E7 1.2167168397250976E8 -4077.946854919195 
8.191036841767007E7 1.2310744228488803E8 -4212.759141482413 
7.97128709409784E7 1.2450542046100761E8 -4347.846807658672 
7.749072050687085E7 1.2586511659941798E8 -4478.473751164973 
7.524460914720084E7 1.2718604227681619E8 -4599.748755782843 
7.297524928559536E7 1.2846772591024926E8 -4706.893824033439 
7.068337270484473E7 1.2970971658122514E8 -4795.584155887365 
6.836972808332986E7 1.3091158777371298E8 -4862.320089012384 
6.60350771445481E7 1.3207294034470016E8 -4904.770691372454 
6.368018983254736E7 1.331934041354588E8 -4922.0262067988515 
6.130583917259887E7 1.3427263792594418E8 -4914.715224698186 
5.8912796497909114E7 1.3531032779711822E8 -4884.973311416805 
5.650182755062245E7 1.36306184234533E8 -4836.278009653091 
5.650182755062245E7 1.36306184234533E8 -4836.278009653091 
5.4073689727499604E7 1.3725993840489334E8 -4773.1803779527545 
5.162913055937212E7 1.3817133800591654E8 -4700.9656763374805 
4.916888742692108E7 1.3904014302671787E8 -4625.272797986865 
4.669368847789677E7 1.3986612173345703E8 -4551.701097093523 
4.420425464960548E7 1.4064904721409708E8 -4485.436463311315 
4.1701302578625225E7 1.4138869481815767E8 -4430.931819349527 
3.91855480282824E7 1.4208484074646357E8 -4391.674175649881 
3.665770936190318E7 1.4273726186597335E8 -4370.057492166758 
3.411851060464512E7 1.4334573659907576E8 -4367.360637791455 
3.15686837763567E7 1.4391004655418193E8 -4383.810182727873 
2.900897038570841E7 1.4442997849095327E8 -4418.695824570954 
2.644012217235209E7 1.449053262569308E8 -4470.504734680057 
2.3862901313724555E7 1.453358924523357E8 -4537.048016652465 
2.1278080363132082E7 1.457214897232362E8 -4615.563540607691 
1.868644217271805E7 1.4606194171328092E8 -4702.791013300419 
1.6088780002372885E7 1.4635708380818933E8 -4795.0255142226815 
1.3485897936805459E7 1.4660676388798606E8 -4888.164732083678 
1.0878611625489008E7 1.4681084336236256E8 -4977.7730330601335 
8267749.212283572 1.4696919879230028E8 -5059.1915037333965 
5654152.129850182 1.470817243594211E8 -5127.724171325564 
3038675.231792647 1.4714833527845523E8 -5178.921190045774 
422185.61845478835 1.471689719212629E8 -5208.954496152699 
-2194440.3757959623 1.4714360398466566E8 -5215.041237987578 
-4810322.127881394 1.4707223367997837E8 -5195.829289488494 
-7424581.026818082 1.4695489691746953E8 -5151.6426083520055 
-1.0036346973305104E7 1.4679166193853384E8 -5084.511487543583 
-1.2644763792859945E7 1.465826256264774E8 -4997.976593494415 
-1.5248992687215865E7 1.4632790838264593E8 -4896.722022734582 
-1.784821352639212E7 1.4602764866289937E8 -4786.126959018409 
-2.044162434248587E7 1.4568199803527564E8 -4671.81896199286 
-2.302843961811958E7 1.45291117196668E8 -4559.281228765845 
5.650182755062245E7 1.36306184234533E8 -4836.278009653091 
5.4073689727499604E7 1.3725993840489334E8 -4773.1803779527545 
5.162913055937212E7 1.3817133800591654E8 -4700.9656763374805 
4.916888742692108E7 1.3904014302671787E8 -4625.272797986865 
4.669368847789677E7 1.3986612173345703E8 -4551.701097093523 
4.420425464960548E7 1.4064904721409708E8 -4485.436463311315 
4.1701302578625225E7 1.4138869481815767E8 -4430.931819349527 
3.91855480282824E7 1.4208484074646357E8 -4391.674175649881 
3.665770936190318E7 1.4273726186597335E8 -4370.057492166758 
3.411851060464512E7 1.4334573659907576E8 -4367.360637791455 
3.15686837763567E7 1.4391004655418193E8 -4383.810182727873 
2.900897038570841E7 1.4442997849095327E8 -4418.695824570954 
2.644012217235209E7 1.449053262569308E8 -4470.504734680057 
2.3862901313724555E7 1.453358924523357E8 -4537.048016652465 
2.1278080363132082E7 1.457214897232362E8 -4615.563540607691 
1.868644217271805E7 1.4606194171328092E8 -4702.791013300419 
1.6088780002372885E7 1.4635708380818933E8 -4795.0255142226815 
1.3485897936805459E7 1.4660676388798606E8 -4888.164732083678 
1.0878611625489008E7 1.4681084336236256E8 -4977.7730330601335 
8267749.212283572 1.4696919879230028E8 -5059.1915037333965 
5654152.129850182 1.470817243594211E8 -5127.724171325564 
3038675.231792647 1.4714833527845523E8 -5178.921190045774 
422185.61845478835 1.471689719212629E8 -5208.954496152699 
-2194440.3757959623 1.4714360398466566E8 -5215.041237987578 
-4810322.127881394 1.4707223367997837E8 -5195.829289488494 
-7424581.026818082 1.4695489691746953E8 -5151.6426083520055 
-1.0036346973305104E7 1.4679166193853384E8 -5084.511487543583 
-1.2644763792859945E7 1.465826256264774E8 -4997.976593494415 
-1.5248992687215865E7 1.4632790838264593E8 -4896.722022734582 
-1.784821352639212E7 1.4602764866289937E8 -4786.126959018409 
-2.044162434248587E7 1.4568199803527564E8 -4671.81896199286 
-2.302843961811958E7 1.45291117196668E8 -4559.281228765845 
-2.302843961811958E7 1.45291117196668E8 -4559.281228765845 
-2.5607887909844343E7 1.44855173031029E8 -4453.534388490021 
