-7464525.340473447 1.0735191032372223E8 1901795.3601279706 
-1.048998542231872E7 1.0708310954500464E8 2072717.9249669835 
-1.350710835180517E7 1.0672919584340563E8 2241992.894763753 
-1.6513492440140009E7 1.0629042267117769E8 2409485.1258978173 
-1.950674313442509E7 1.057671122791996E8 2575060.8295658156 
-2.248447503024643E7 1.0515965553325939E8 2738587.6855230406 
-2.544431388093993E7 1.0446851166857782E8 2899934.954789594 
-2.8383898601492338E7 1.0369420798255882E8 3058973.591201842 
-3.1300883265026093E7 1.028373394658303E8 3215576.3516873047 
-3.419293908981052E7 1.0189856837171556E8 3369617.905144006 
-3.7057756414737895E7 1.0087862372435118E8 3520974.9398052543 
-3.9893046661203705E7 9.977830076574582E7 3669526.268971272 
-4.269654427933323E7 9.859846034214973E7 3815152.9349927083 
-4.5466008676504135E7 9.73400282301828E7 3957738.311390549 
-4.819922612612455E7 9.600399440324527E7 4097168.2030009776 
-5.089401165464378E7 9.459141223880978E7 4233330.94403591 
-5.354821090479304E7 9.310339766726068E7 4366117.493952639 
-5.6159701973070934E7 9.154112826304759E7 4495421.531028397 
-5.872639721952103E7 8.990584227895823E7 4621139.54354037 
-6.1246245047876805E7 8.819883762441534E7 4743170.918453954 
-6.371723165418589E7 8.642147078876877E7 4861418.027525175 
-6.613738274206078E7 8.457515571062247E7 4975786.310727701 
-6.850476520274533E7 8.266136259430902E7 5086184.35691762 
-7.081748875823106E7 8.068161667469515E7 5192523.981652617 
-7.307370756570385E7 7.86374969315682E7 5294720.302086759 
-7.527162178165334E7 7.653063475492075E7 5392691.80886434 
-7.740947908402908E7 7.436271256251179E7 5486360.434941042 
-7.948557615088397E7 7.213546237114406E7 5575651.621264279 
-8.14982600940028E7 6.98506643231542E7 5660494.379247777 
-8.344592984607454E7 6.751014516966614E7 5740821.3499798775 
-8.5327037500028E7 6.5115776712209806E7 5816568.860108398 
-8.5327037500028E7 6.5115776712209806E7 5816568.860108398 
-8.71400895992133E7 6.2669474204349786E7 5887676.974348567 
-8.888364837716348E7 6.017319471500949E7 5954089.544564646 
-9.055633294575818E7 5.762893545523451E7 6015754.255378928 
-9.215682043064111E7 5.50387320701531E7 6072622.666265473 
-9.36838470528302E7 5.240465689795276E7 6124650.250090558 
-9.513620915551752E7 4.972881719771825E7 6171796.428065632 
-9.651276417512327E7 4.701335334801524E7 6214024.601082925 
-9.781243155573964E7 4.426043701813972E7 6251302.177409306 
-9.903419360617732E7 4.14722693139844E7 6283600.596718835 
-1.001770962989059E8 3.865107890049951E7 6310895.350450121 
-1.012402500102594E8 3.579912010274548E7 6333165.998479605 
-1.0222283020135914E8 3.2918670987551145E7 6350396.182107132 
-1.0312407803928678E8 3.0012031427802242E7 6362573.633354962 
-1.0394330095812279E8 2.7081521151390348E7 6369690.18058626 
-1.0467987315954232E8 2.4129477776854984E7 6371741.750453553 
-1.0533323605274019E8 2.1158254837747283E7 6368728.36619155 
-1.0590289863352911E8 1.8170219797740113E7 6360654.142272767 
-1.0638843780251691E8 1.516775205851812E7 6347527.2754509635 
-1.0678949862238722E8 1.2153240962434215E7 6329360.032215421 
-1.0710579451430623E8 9129083.79196138 6306168.732692013 
-1.073371073936011E8 6097683.767913917 6277973.731024228 
-1.0748328774491093E8 3061448.0484077963 6244799.392273061 
-1.0754425463706736E8 22785.730514456518 6206674.065879687 
-1.0751999567802975E8 -3015894.1434651613 6163630.055737229 
-1.0741056691026773E8 -6052184.573209187 6115703.586921106 
-1.0721609264705102E8 -9083682.57919831 6062934.7691298295 
-1.0693676525017035E8 -1.2107991171318756E7 6005367.556890865 
-1.0657284484967789E8 -1.5122721305441651E7 5943049.706589268 
-1.0657284484967789E8 -1.5122721305441651E7 5943049.706589268 
-1.0612465900629908E8 -1.8125493826210044E7 5876032.730379262 
-1.0559260231722674E8 -2.1113941394300167E7 5804371.847041873 
-1.0497713596607137E8 -2.4085710396459967E7 5728125.929854581 
-1.0427878721779715E8 -2.7038462836666353E7 5647357.451541624 
-1.0349814885951371E8 -2.9969878206778154E7 5562132.426377876 
-1.0263587858802617E8 -3.287765533510127E7 5472520.349521571 
-1.0169269834514748E8 -3.575951421134743E7 5378594.133650312 
-1.0066939360174684E8 -3.861319778648363E7 5280430.042981589 
-9.956681259159452E7 -4.143647374603974E7 5178107.624757579 
-9.838586549608654E7 -4.422713625548405E7 5071709.63827645 
-9.712752358096841E7 -4.698300767632601E7 4961321.981553746 
-9.579281828621358E7 -4.970194025165681E7 4847033.615698434 
-9.438284027024186E7 -5.238181775989053E7 4728936.487089487 
-9.289873840969324E7 -5.502055713551993E7 4607125.447439274 
-9.134171875599945E7 -5.7616110055753775E7 4481698.171831511 
-8.971304345001909E7 -6.016646449195387E7 4352755.074821435 
-8.80140295960257E7 -6.2669646224842854E7 4220399.224686887 
-8.624604809635684E7 -6.5123720322506174E7 4084736.255919259 
-8.441052244804974E7 -6.752679258026384E7 3945874.280043274 
-8.250892750280486E7 -6.987701092154057E7 3803923.794855226 
-8.054278819163017E7 -7.2172566758914E7 3658997.592168726 
-7.851367821553227E7 -7.441169631456812E7 3511210.6641574465 
-7.64232187036239E7 -7.659268189944157E7 3360680.108383734 
-7.427307684003079E7 -7.871385315039617E7 3207525.0316019803 
-7.206496446098015E7 -8.077358822479038E7 3051866.452424951 
-6.98006366234568E7 -8.27703149518896E7 2893827.2029409446 
-6.748189014681432E7 -8.470251194059166E7 2733531.8293688335 
-6.511056212872766E7 -8.656870964299424E7 2571106.491837565 
-6.268852843687068E7 -8.836749137337756E7 2406678.863375768 
-6.02177021776972E7 -9.009749428222069E7 2240378.028196294 
-5.770003214369883E7 -9.175741028491445E7 2072334.3793593831 
-5.770003214369883E7 -9.175741028491445E7 2072334.3793593831 
-5.513750124050546E7 -9.334598694487722E7 1902679.51589752 
-5.253212489518565E7 -9.486202831082188E7 1731546.1394835897 
-4.9885949447094336E7 -9.630439570796266E7 1559067.95072297 
-4.7201050522603825E7 -9.767200848299189E7 1385379.5451491773 
-4.447953139504117E7 -9.89638447026933E7 1210616.309000872 
-4.1723521331142396E7 -1.001789418060976E8 1034914.3148575351 
-3.893517392532356E7 -1.013163972101197E8 858410.2172092572 
-3.6116665423042044E7 -1.0237536886865447E8 681241.1480348408 
-3.3270193034521E7 -1.0335507578513902E8 503544.6124611646 
-3.0397973240081355E7 -1.042547984786225E8 325458.3845751956 
-2.7502240088314027E7 -1.0507387940341476E8 147120.4034589082 
-2.4585243488305002E7 -1.058117233224151E8 -31331.330484479666 
-2.1649247497109428E7 -1.0646779763425004E8 -209758.8588457331 
-1.8696528603651375E7 -1.070416326543757E8 -388024.3681003228 
-1.5729374010206297E7 -1.0753282185032615E8 -565990.2920106053 
-1.2750079912604704E7 -1.0794102203131272E8 -743519.4134765044 
-9760949.780276626 -1.082659534924027E8 -920474.9657727331 
-6764292.637236133 -1.0850740011352679E8 -1096720.7331134826 
-3762421.3450864106 -1.0866520941358578E8 -1272121.1504846364 
-757650.8891070187 -1.0873929255994457E8 -1446541.402686976 
2247703.331535399 -1.0872962433362117E8 -1619847.5225337371 
5251327.208428502 -1.0863624305049399E8 -1791906.4881479442 
8250909.622401342 -1.084592504388683E8 -1962586.3193053156 
1.124414413486889E7 -1.081988114737561E8 -2131756.172770709 
1.4228730671065018E7 -1.0785515416823864E8 -2299286.4365763813 
1.720237719420442E7 -1.0742856932229769E8 -2465048.823191598 
2.0162801369637296E7 -1.0691941022951403E8 -2628916.46153488 
2.3107732218072996E7 -1.0632809234204565E8 -2790763.9877806753 
2.6034911756967053E7 -1.0565509289431491E8 -2950467.634914182 
2.8942096629181013E7 -1.0490095048584735E8 -3107905.320989169 
2.8942096629181013E7 -1.0490095048584735E8 -3107905.320989169 
3.1827059718045577E7 -1.0406626462371817E8 -3262956.7360454574 
3.4687591747976184E7 -1.0315169522507595E8 -3415503.427644439 
3.752150286981122E7 -1.0215796208022106E8 -3565428.8849822283 
4.0326624230064005E7 -1.0108584427672571E8 -3712618.6215421706 
4.310080952329686E7 -9.993617958508661E7 -3856960.2562484145 
4.584193652684569E7 -9.870986380640379E7 -3998343.5930846557 
4.8547908617136925E7 -9.740785008257781E7 -4136660.6991409436 
5.121665626685083E7 -9.603114816951811E7 -4271805.981052898 
5.384613852218917E7 -9.458082367386532E7 -4403676.259796783 
5.64343444595193E7 -9.305799725371727E7 -4532170.843804911 
5.897929462066455E7 -9.146384378387026E7 -4657191.600364737 
6.147904242612158E7 -8.979959148608562E7 -4778643.025266647 
6.393167556548877E7 -8.806652102490236E7 -4896432.310664989 
6.63353173643976E7 -8.626596456952709E7 -5010469.411118124 
6.868812812724744E7 -8.439930482234113E7 -5120667.107773744 
7.09883064550518E7 -8.24679740145744E7 -5226941.07066676 
7.323409053771363E7 -8.047345286970437E7 -5329209.919098016 
7.54237594200561E7 -7.841726953514613E7 -5427395.280062139 
7.755563424094285E7 -7.630099848280856E7 -5521421.844694506 
7.962807944483058E7 -7.41262593790982E7 -5611217.422707222 
8.163950396510436E7 -7.189471592496055E7 -5696712.99478488 
8.358836237855257E7 -6.96080746665558E7 -5777842.762911666 
8.547315603034364E7 -6.726808377717398E7 -5854544.1986007355 
8.729243412887451E7 -6.487653181100269E7 -5926758.088998914 
8.904479480986786E7 -6.24352464293713E7 -5994428.580838837 
9.072888616909224E7 -5.9946093100100085E7 -6057503.222211402 
9.234340726309659E7 -5.741097377059789E7 -6115933.002132244 
9.38871090773451E7 -5.4831825515358336E7 -6169672.387875937 
9.535879546114825E7 -5.221061915851794E7 -6218679.360051926 
9.675732402878973E7 -4.954935787214984E7 -6262915.445397161 
9.808160702625401E7 -4.685007575097917E7 -6302345.7472602185 
9.808160702625401E7 -4.685007575097917E7 -6302345.7472602185 
9.933061216296309E7 -4.4114836364219286E7 -6336938.97375262 
1.0050336340793847E8 -4.1345731285240695E7 -6366667.46354324 
1.015989417498071E8 -3.854487859979954E7 -6391507.209272483 
1.0261648592007783E8 -3.571442139356615E7 -6411437.878562873 
1.0355519307911968E8 -3.2856526219709694E7 -6426442.832604118 
1.0441431946428093E8 -2.997338154731133E7 -6436509.142290512 
1.0519318099959314E8 -2.706719619139324E7 -6441627.601889405 
1.058911538665123E8 -2.4140197725369487E7 -6441792.740220422 
1.065076750351575E8 -2.119463087674145E7 -6437002.829325208 
1.0704224275551811E8 -1.8232755906877488E7 -6427259.890609123 
1.07494417008102E8 -1.5256846975738928E7 -6412569.6984356325 
1.0786381991351764E8 -1.2269190492427569E7 -6392941.781156903 
1.0815013610048568E8 -9272083.45245478 -6368389.419563143 
1.0835311303178973E8 -6267831.762649944 -6338929.6427353015 
1.0847256128768875E8 -3258748.554646772 -6304583.221286428 
1.0850835480632561E8 -247152.48790689814 -6265374.657977844 
1.0846043108068152E8 2764633.9567396035 -6221332.17569768 
1.0832879131163952E8 5774286.192033708 -6172487.702790328 
1.0811350051673838E8 8779479.24668415 -6118876.855726428 
1.0781468759421384E8 1.1777889494175492E7 -6060538.919104906 
1.0743254534194349E8 1.4767196386920504E7 -5997516.822979107 
1.0696733043093134E8 1.774508419466678E7 -5929857.11750116 
1.0641936333298734E8 2.0709243746046867E7 -5857609.944879904 
1.0578902820228085E8 2.365737417213681E7 -5780829.008649487 
1.0507677271046948E8 2.6587184650867704E7 -5699571.540247018 
1.042831078351303E8 2.9496396151115023E7 -5613898.26289967 
1.034086076012441E8 3.2382743175261278E7 -5523873.352823798 
1.0245390877551314E8 3.524397549901647E7 -5429564.397739299 
1.0141971051331994E8 3.80778599072535E7 -5331042.3527058195 
1.0030677395816514E8 4.088218192459532E7 -5228381.493288444 
1.0030677395816514E8 4.088218192459532E7 -5228381.493288444 
9.911592179345432E7 4.365474753947323E7 -5121659.3660630975 
9.78480377465352E7 4.639338492035476E7 -5010956.7364733815 
9.650406604492229E7 4.9095946122822724E7 -4896357.534054121 
9.50850108246805E7 5.176030878616644E7 -4777948.795037467 
9.359193549097702E7 5.4384377818131834E7 -4655820.60236129 
9.202596203084871E7 5.696608706645957E7 -4530066.023100827 
9.038827027827203E7 5.950340097582711E7 -4400781.043348275 
8.868009713166386E7 6.199431622879491E7 -4268064.50056614 
8.690273572398323E7 6.443686336934684E7 -4132018.0134442784 
8.50575345456487E7 6.6829108407600895E7 -3992745.9092918076 
8.314589652053091E7 6.916915440426023E7 -3850355.1489990763 
8.116927803532141E7 7.145514303335994E7 -3704955.2496060207 
7.912918792263867E7 7.36852561218749E7 -3556658.2045186497 
7.702718639826259E7 7.585771716472301E7 -3405578.4014147855 
7.486488395295021E7 7.797079281371704E7 -3251832.5378858 
7.264394019933453E7 8.002279433901311E7 -3095539.5348626673 
7.036606267445439E7 8.201207906160071E7 -2936820.447878089 
6.803300559851718E7 8.393705175538352E7 -2775798.3762185536 
6.56465685905481E7 8.579616601740767E7 -2612598.3700239174 
6.3208595341631785E7 8.758792560480317E7 -2447347.335394345 
6.072097224650611E7 8.931088573701271E7 -2280173.9375682995 
5.818562699432076E7 9.09636543618935E7 -2111208.502237465 
5.560452711942778E7 9.254489338429044E7 -1940582.9150685482 
5.297967851312646E7 9.405331985568991E7 -1768430.5195047185 
5.031312389734052E7 9.548770712357882E7 -1594886.0129229687 
4.760694126126371E7 9.684688593914568E7 -1420085.3412273452 
4.486324226205585E7 9.812974552196278E7 -1244165.5919593275 
4.2084170590743914E7 9.933523458031677E7 -1067264.886013031 
3.927190030446548E7 1.004623622858422E8 -889522.2680284977 
3.642863412634665E7 1.0151019920121917E8 -711077.5955642089 
3.3556601714276835E7 1.0247787815967326E8 -532071.4271309376 
3.3556601714276835E7 1.0247787815967326E8 -532071.4271309376 
3.0658057899917893E7 1.0336459509509735E8 -352644.9091767594 
2.7735280899376184E7 1.0416960982168493E8 -172939.6621252522 
2.4790570497023836E7 1.0489224676200177E8 6902.334430411458 
2.18262462040063E7 1.0553189562246448E8 186738.85727132857 
1.8844645393017784E7 1.0608801201523209E8 366427.5557287261 
1.5848121410968572E7 1.0656011802556495E8 545826.0683835894 
1.283904167120476E7 1.0694780272374919E8 724792.1401813552 
9819785.726975575 1.0725072262073429E8 903183.7398532033 
6792743.327875733 1.0746860206668279E8 1080859.1775335968 
3760312.461020574 1.0760123359168588E8 1257677.2224649638 
724897.3787415177 1.0764847818795474E8 1433497.2206794098 
-2311093.38535285 1.0761026553286876E8 1608179.2125411853 
-5345249.010059923 1.0748659415232314E8 1781584.0500295535 
-8375158.388170436 1.0727753152385713E8 1953573.513659887 
-1.1398412133979008E7 1.0698321411914784E8 2124010.4289133847 
-1.4412604594785377E7 1.0660384738550161E8 2292758.782062568 
-1.741533586440219E7 1.0613970566605134E8 2459683.8352742195 
-2.040421379667127E7 1.0559113205844057E8 2624652.2408699766 
-2.3376856016971484E7 1.0495853821184537E8 2787532.1546273157 
-2.6330891929688126E7 1.0424240406226525E8 2948193.348001629 
-2.9263964719603196E7 1.0344327750608453E8 3106507.319152117 
-3.217373334515837E7 1.0256177401198557E8 3262347.4026541337 
-3.5057874521539286E7 1.0159857617137045E8 3415588.8777815476 
-3.791408469152892E7 1.0055443318752474E8 3566109.0752437636 
-4.0740081982081205E7 9.943016030383494E7 3713787.482263766 
-4.353360814457211E7 9.82266381714496E7 3858505.845883906 
-4.629243047669494E7 9.694481215685235E7 4000148.274389133 
-4.901434372398013E7 9.558569158989018E7 4138601.336738132 
-5.1697171958936155E7 9.415034895287342E7 4273754.159895159 
-5.433877043583E7 9.263991901145805E7 4405498.523958188 
-5.693702741914442E7 9.10555978880709E7 4533728.954980414 
-5.693702741914442E7 9.10555978880709E7 4533728.954980414 
-5.948986598378E7 8.939864207873228E7 4658342.815385003 
-6.1995245785099566E7 8.767036741419885E7 4779240.39187656 
-6.445116479694384E7 8.587214796641959E7 4896324.980754256 
-6.685566101578483E7 8.400541490137148E7 5009502.970536057 
-6.920681412922242E7 8.20716552794102E7 5118683.921805397 
-7.150274714707309E7 8.007241080433956E7 5223780.644196324 
-7.374162799334419E7 7.800927652246933E7 5324709.270435844 
-7.59216710574373E7 7.588389947299434E7 5421389.327365726 
-7.804113870297155E7 7.369797729109052E7 5513743.803870864 
-8.009834273267692E7 7.145325676518156E7 5601699.215643816 
-8.209164580785841E7 6.91515323498891E7 5685185.666720409 
-8.401946282099706E7 6.6794644636233635E7 5764136.907724656 
-8.588026222010815E7 6.438447878070354E7 5838490.390765883 
-8.767256728354007E7 6.192296289485579E7 5908187.320934795 
-8.939495734397623E7 5.941206639717055E7 5973172.704350349 
-9.104606896044618E7 5.685379832890831E7 6033395.392713178 
-9.262459703723931E7 5.42502056357709E7 6088808.124325704 
-9.412929588867837E7 5.1603371417199165E7 6139367.561544329 
-9.555898024878109E7 4.891541314517565E7 6185034.324633025 
-9.691252622490975E7 4.618848085443077E7 6225773.021992549 
-9.818887219458592E7 4.3424755305978745E7 6261552.276743995 
-9.938701964471868E7 4.062644612593303E7 6292344.7496502865 
-1.005060339525728E8 3.779578992157247E7 6318127.158363553 
-1.0154504510787627E8 3.493504837664594E7 6338880.292991029 
-1.0250324837554431E8 3.2046506327918E7 6354589.027976815 
-1.033799048985726E8 2.9132469824968275E7 6365242.330301145 
-1.0417434224072859E8 2.6195264175264575E7 6370833.264003569 
-1.048859548687484E8 2.3237231976534177E7 6371358.99104071 
-1.0551420457381904E8 2.0260731138456985E7 6366820.768493863 
-1.0605862083219612E8 1.726813289570625E7 6357223.942145295 
-1.0605862083219612E8 1.726813289570625E7 6357223.942145295 
-1.0651880110490084E8 1.4261819814347211E7 6342577.936447728 
-1.0689441107648873E8 1.1244183793608062E7 6322896.240914029 
-1.0718518483297238E8 8217624.065016384 6298196.392959239 
-1.0739092497904694E8 5184545.190881296 6268499.957230609 
-1.0751150269483808E8 2147355.064085682 6233832.501465238 
-1.0754685773245919E8 -891537.0888683172 6194223.568918476 
-1.0749699835273534E8 -3929722.699640819 6149706.6474100165 
-1.0736200120251548E8 -6964795.84276904 6100319.135038 
-1.0714201113306013E8 -9994355.211449612 6046102.302614758 
-1.0683724096005243E8 -1.3016006082552817E7 5987101.252881076 
-1.0644797116584277E8 -1.6027362269066006E7 5923364.87655894 
-1.0597454954459548E8 -1.902604805819788E7 5854945.80530566 
-1.0541739079106233E8 -2.2009700133412767E7 5781900.361635111 
-1.0477697603376505E8 -2.497596947870298E7 5704288.505874609 
-1.0405385231341916E8 -2.7922523263447173E7 5622173.780228323 
-1.032486320074803E8 -3.0847046706238657E7 5535623.25002079 
-1.0236199220175463E8 -3.374724491613151E7 5444707.442196136 
-1.0139467401004553E8 -3.662084470976907E7 5349500.281151047 
-1.0034748184286723E8 -3.946559640293053E7 5250079.021981277 
-9.922128262629284E7 -4.2279275575072825E7 5146524.181223027 
-9.801700497204119E7 -4.505968480549532E7 5038919.465172358 
-9.673563829994869E7 -4.780465537980899E7 4927351.695866615 
-9.537823191400124E7 -5.0512048965447515E7 4811910.734812759 
-9.394589403313045E7 -5.31797592550127E7 4692689.40454811 
-9.243979077800179E7 -5.580571357630023E7 4569783.40811923 
