-26270024.206271 144743564.941176 -4787.905794
-28841192.008245 144251579.900288 -4810.793378
-31403292.035241 143714434.868426 -4808.023042
-33955460.305175 143132331.353365 -4778.773462
-36496850.620550 142505502.209223 -4724.208513
-39026638.672402 141834204.777674 -4647.173055
-41544022.829438 141118713.930934 -4551.711351
-44048222.500016 140359316.466958 -4442.560057
-46538475.324493 139556307.368495 -4324.717991
-49014034.206643 138709987.711837 -4203.128907
-51474164.726026 137820663.705724 -4082.467239
-53918143.080280 136888646.353717 -3966.997579
-56345254.481285 135914251.386558 -3860.478316
-58754791.848686 134897799.280345 -3766.088166
-61146054.653085 133839615.306090 -3686.364205
-63518347.811901 132740029.632508 -3623.148220
-65870980.600556 131599377.531341 -3577.543113
-68203265.588820 130417999.725299 -3549.882836
-70514517.633892 129196242.889565 -3539.718194
-72804052.954610 127934460.287795 -3545.818344
-75071188.281111 126633012.510613 -3566.185347
-77315240.036090 125292268.301388 -3598.078567
-79535523.477600 123912605.504977 -3638.048187
-81731351.742476 122494412.254686 -3681.983500
-83902034.798525 121038088.603321 -3725.191644
-86046878.464896 119544048.868169 -3762.534398
-88165183.897045 118012724.929566 -3788.659529
-90256248.202076 116444570.504337 -3798.359416
-92319366.993531 114840065.940923 -3787.060722
-94353839.457754 113199722.436575 -3751.388983
-96358975.710315 111524084.114966 -3689.679817
-98334105.085983 109813726.638817 -3602.272724
-100278583.233953 108069252.158523 -3491.471957
-102191796.169674 106291281.859985 -3361.182297
-104073160.690046 104480448.200140 -3216.349053
-105922121.930250 102637388.625651 -3062.374373
-107738149.514109 100762741.564765 -2904.638079
-109520733.605512 98857144.519713 -2748.172021
-111269381.614045 96921233.596837 -2597.473836
-112983615.770437 94955643.769930 -2456.417453
-114662971.455152 92961009.359558 -2328.216122
-116306996.030642 90937964.442061 -2215.404785
-117915247.920626 88887143.089119 -2119.822467
-119487295.733036 86809179.463483 -2042.587203
-121022717.298616 84704707.866672 -1984.064959
-122521098.575078 82574362.861418 -1943.839611
-123982032.435597 80418779.584342 -1920.693751
-125405117.409759 78238594.331661 -1912.609819
-126789956.467054 76034445.455785 -1916.798636
-128136155.926448 73806974.571065 -1929.759054
-129443324.551129 71556828.050003 -1947.370000
-130711072.866769 69284658.805575 -1965.016324
-131939012.751942 66991128.393350 -1977.753204
-133126757.412701 64676909.500735 -1980.519267
-134273921.972368 62342688.872227 -1968.412337
-135380125.046615 59989170.591424 -1937.037848
-136444991.740277 57617079.365637 -1882.921313
-137468158.352962 55227163.080390 -1803.939817
-138449278.600890 52820193.597019 -1699.683051
-139388030.427362 50396964.861273 -1571.629046
-139388030.427362 50396964.861273 -1571.629046
-140284121.860510 47958288.074000 -1423.046045
-141137294.386467 45504984.737648 -1258.615944
-141947323.104847 43037879.215117 -1083.875012
-142714014.084009 40557792.477739 -904.622285
-143437200.138261 38065538.012543 -726.426516
-144116736.353474 35561919.938908 -554.295031
-144752496.265103 33047732.761409 -392.500050
-145344369.037966 30523762.008664 -244.519340
-145892257.584719 27990785.138196 -113.039832
-146396077.357106 25449572.325307 0.017556
-146855755.497900 22900886.973766 93.478447
-147271230.078600 20345485.946027 166.913195
-147642449.219316 17784119.614772 220.653664
-147969369.971931 15217531.900029 255.820735
-148251956.939648 12646460.485045 274.348324
-148490180.701249 10071637.397969 278.985914
-148684016.195297 7493790.101282 273.261355
-148833441.279270 4913643.149594 261.389581
-148938435.692959 2331920.376237 248.120294
-148998980.620642 -250652.521074 238.526466
-149015058.980495 -2833345.178741 237.742799
-148986656.506687 -5415419.744133 250.666965
-148913763.658254 -7996128.217013 281.637292
-148796378.388816 -10574710.157414 334.101926
-148634509.800484 -13150391.033900 410.300820
-148428182.614039 -15722381.601534 510.995299
-148177442.161740 -18289878.775511 635.296066
-147882359.278347 -20852068.371970 780.647306
-147543034.187160 -23408129.726845 943.007589
-147159598.481391 -25957241.642988 1117.222593
-146732214.714064 -28498588.620541 1297.526399
-146261073.792891 -31031366.204786 1478.068249
-145746390.978824 -33554784.635637 1653.363500
-145188401.509897 -36068070.595754 1818.607371
-144587356.684690 -38570467.396879 1969.842195
-143943520.839234 -41061234.208686 2104.008001
-143257169.267377 -43539644.922638 2218.922118
-142528586.889307 -46004987.076277 2313.230807
-141758067.373298 -48456561.061957 2386.363950
-140945912.413653 -50893679.673110 2438.510121
-140092430.915638 -53315667.914880 2470.616983
-139197937.909906 -55721862.914981 2484.411441
-138262753.110286 -58111613.705433 2482.424645
-137287199.144914 -60484280.609938 2467.998936
-136271599.630804 -62839233.983838 2445.248681
-135216277.404966 -65175852.138806 2418.947654
-134121553.324141 -67493518.452670 2394.325014
-132987746.043217 -69791617.887806 2376.770256
-131815173.048340 -72069533.347104 2371.470159
-130604152.984206 -74326642.398902 2383.019490
-129355009.063905 -76562314.857056 2415.054498
-128068073.178796 -78775911.541195 2469.952562
-126743690.274984 -80966784.351710 2548.628020
-125382222.596188 -83134277.651314 2650.441030
-123984053.438243 -85277730.865753 2773.227835
-122549590.073021 -87396482.153651 2913.455064
-121079265.499825 -89489872.889900 3066.492022
-119573538.741496 -91557252.546396 3226.979196
-118032893.582035 -93597983.402751 3389.251033
-116457835.927060 -95611444.484360 3547.755775
-114848890.253021 -97597034.272722 3697.414788
-113206595.764288 -99554172.027537 3833.881281
-111531502.833703 -101482297.879559 3953.686235
-109824170.101918 -103380872.072192 4054.286066
-108085162.357522 -105249373.793591 4134.042723
-106315049.108757 -107087299.974998 4192.170767
-104514403.631595 -108894164.298577 4228.680641
-102683802.233594 -110669496.515060 4244.337610
-100823823.482873 -112412842.045498 4240.645177
-98935047.195466 -114123761.736060 4219.851254
-97018053.046783 -115801831.544211 4184.964902
-95073418.783338 -117446641.860734 4139.760687
-93101718.172222 -119057796.136459 4088.737954
-91103519.032868 -120634908.531063 4036.997432
-89079381.897952 -122177600.485724 3990.003948
-87029859.942493 -123685496.454225 3953.227185
-84955500.681746 -125158219.424718 3931.690610
-82856849.531544 -126595387.141053 3929.498545
-80734454.779645 -127996609.898397 3949.431797
-78588873.092937 -129361490.406550 3992.689294
-76420674.594925 -130689625.665474 4058.812346
-74230446.794544 -131980610.353767 4145.781534
-72018797.044683 -133234041.058101 4250.245156
-69786353.544247 -134449520.744670 4367.829722
-67533765.070782 -135626663.052125 4493.490093
-65261699.669301 -136765096.140548 4621.867815
-62970842.511295 -137864465.914830 4747.633540
-60661893.142386 -138924438.478107 4865.792420
-58335562.372179 -139944701.712977 4971.933343
-55992569.095865 -140924965.967878 5062.407960
-53633637.333285 -141864963.936848 5134.434664
-51259493.707068 -142764449.926918 5186.133993
-48870865.469984 -143623198.769664 5216.511687
-46468479.067051 -144441004.633702 5225.410866
-44053059.113995 -145217679.940632 5213.454685
-41625327.608731 -145953054.499842 5181.996490
-39186003.168295 -146646974.878725 5133.087436
-36735800.094667 -147299303.924961 5069.462976
-34275427.117612 -147909920.259086 4994.539834
-31805585.750719 -148478717.461247 4912.403907
-29326968.347333 -149005602.604329 4827.757706
-26840256.168235 -149490493.784223 4745.786876
-24346118.043515 -149933316.444898 4671.906353
-21845210.414695 -150333998.658191 4611.367849
-19338179.487314 -150692466.061057 4568.756323
-16825665.748375 -151008637.650140 4547.462145
-14308310.283223 -151282423.725324 4549.255729
-11786761.564073 -151513726.743239 4574.079022
-9261681.163023 -151702444.892388 4620.100372
-6733747.311145 -151848477.372796 4683.993737
-4203656.049647 -151951730.087205 4761.347967
-1672120.405221 -152012120.731238 4847.107021
860131.694758 -152029582.788565 4935.972443
3392360.119090 -152004068.375918 5022.737467
5923815.414729 -151935550.108942 5102.549198
8453741.656051 -151824022.203201 5171.107208
10981379.168786 -151669500.976398 5224.808095
13505967.079670 -151472024.857301 5260.842500
16026745.641213 -151231653.975459 5277.248586
18542958.272898 -150948469.409898 5272.926082
21053853.271237 -150622572.198817 5247.617366
23558685.177538 -150254082.232748 5201.865134
26056715.845259 -149843137.152742 5136.958151
28547215.302352 -149389891.345776 5054.876245
31029462.543571 -148894515.074039 4958.242641
33502746.403058 -148357193.699632 4850.286253
35966366.640746 -147778126.877981 4734.808718
38419635.315629 -147157527.499108 4616.141115
40861878.396698 -146495620.072494 4499.064070
43292437.360267 -145792638.219036 4388.655062
45710670.249683 -145048821.028098 4290.024555
48115951.414389 -144264408.351286 4207.918744
50507669.096297 -143439635.664722 4146.210424
52885220.436445 -142574729.765307 4107.365542
55248004.391988 -141669906.851611 4092.029147
57595414.100720 -140725374.054489 4098.872749
59926830.701743 -139741334.280998 4124.764468
62241620.092289 -138717993.004640 4165.204290
64539132.904683 -137655565.150106 4214.884199
66818706.916034 -136554280.646727 4268.228796
69079670.683129 -135414388.085089 4319.826653
71321347.380936 -134236156.634484 4364.728059
73543058.263436 -133019876.715867 4398.628053
75744125.561369 -131765859.937516 4417.968982
77923874.865753 -130474438.657139 4419.993658
80081637.130351 -129145965.367949 4402.769765
82216750.417406 -127780811.981918 4365.195839
84328561.462878 -126379369.017245 4306.992091
86416427.087982 -124942044.680287 4228.676249
88479715.454102 -123469263.845904 4131.524744
90517807.155934 -121961466.963178 4017.521299
92530096.168765 -120419108.926746 3889.296834
94515990.698318 -118842657.944858 3750.064930
96474914.009458 -117232594.398923 3603.555015
98406305.316502 -115589409.628339 3453.940620
100309620.786265 -113913604.497980 3305.752687
102184334.618206 -112205687.531953 3163.758909
104029940.009570 -110466172.360502 3032.781937
105845949.590932 -108695574.287149 2917.427034
107631894.685715 -106894406.020527 2821.702021
109387322.656730 -105063173.078925 2748.548049
111111791.882201 -103202369.970152 2699.358473
112804864.695472 -101312478.633264 2673.620904
114466099.698933 -99393970.331718 2668.827847
116095045.548938 -97447311.055788 2680.729265
117691237.963183 -95472969.076082 2703.870949
119254200.421822 -93471422.528802 2732.257290
120783447.671522 -91443165.263601 2759.961633
122278490.502010 -89388710.230859 2781.573762
123738840.457164 -87308590.663361 2792.461819
125164013.741543 -85203359.784838 2788.885395
126553534.145122 -83073589.788640 2768.015752
127906935.141380 -80919870.610258 2727.911756
129223761.430006 -78742808.765670 2667.482868
130503570.179921 -76543026.335275 2586.454065
131745932.155735 -74321160.057974 2485.335540
132950432.826213 -72077860.449089 2365.393096
134116673.480076 -69813790.850901 2228.612362
135244272.324073 -67529626.348364 2077.650351
136332865.516044 -65226052.518390 1915.770223
137382108.089949 -62903764.012316 1746.757857
138391674.751303 -60563462.983368 1574.820571
139361260.543162 -58205857.356040 1404.467729
140290581.383560 -55831658.894714 1240.369660
141179374.434876 -53441580.980261 1087.185913
142027398.170816 -51036335.975953 949.348643
142834431.862447 -48616632.104107 830.785947
143600274.052527 -46183169.917186 734.579273
144324739.527980 -43736638.766307 662.574667
145007654.489517 -41277714.092800 615.009858
145648850.177679 -38807056.678764 590.263150
146248156.047484 -36325314.843430 584.842893
146805394.239551 -33833129.749406 593.685620
147320376.994980 -31331142.764375 610.722914
147792907.657695 -28820002.958051 629.571475
148222784.578680 -26300372.904374 644.167621
148609806.410916 -23772931.878110 649.221058
148953777.308376 -21238376.598595 640.455058
149254511.127389 -18697420.304890 614.672596
149511834.382458 -16150791.041942 569.716382
149725588.138073 -13599229.811937 504.384583
149895629.187612 -11043488.943438 418.343339
150021830.868137 -8484330.786205 312.056015
150104083.779802 -5922526.683573 186.733258
150142296.577264 -3358856.092164 44.297690
150136396.902343 -794105.688395 -112.648555
150086332.440795 1770931.691996 -280.867311
149992072.017476 4335458.399648 -456.551771
149853606.600968 6898673.664626 -635.427110
149670950.077216 9459775.635315 -812.888459
149444139.670476 12017963.708469 -984.175164
149173235.924950 14572441.068413 -1144.576740
148858322.187921 17122417.354955 -1289.665250
148499503.532067 19667111.393422 -1415.550093
148096905.013662 22205753.911564 -1519.151635
147650669.108435 24737590.096791 -1598.485540
147160952.158591 27261881.691359 -1652.936254
146627919.790436 29777908.114611 -1683.476017
146051741.587746 32284965.956965 -1692.763298
145432585.786413 34782366.296369 -1685.049301
144770615.162131 37269429.781799 -1665.852135
144065985.274824 39745480.208807 -1641.426940
143318845.633738 42209837.975506 -1618.136509
142529343.393925 44661814.902132 -1601.864243
141697628.430301 47100711.330055 -1597.584723
140823858.460569 49525815.554541 -1609.137053
139908203.263695 51936404.982494 -1639.176663
138950847.622573 54331748.178790 -1689.243610
137951993.090052 56711107.093122 -1759.882435
136911858.916807 59073739.036035 -1850.765540
135830682.526305 61418898.237411 -1960.793841
134708719.863450 63745837.009297 -2088.166714
133546245.846422 66053806.648459 -2230.426151
132343555.046714 68342058.274236 -2384.488445
131100962.617311 70609843.820303 -2546.681910
129818805.383046 72856417.387442 -2712.811305
128497442.906833 75081037.111741 -2878.268001
127137258.270009 77282967.604121 -3038.198550
125738658.281802 79461482.883441 -3187.733282
124302072.881818 81615869.589341 -3322.263167
122827953.613818 83745430.166830 -3437.741507
121316771.190353 85849485.694234 -3530.981021
119769012.283959 87927378.074674 -3599.917707
118185175.739848 89978471.386951 -3643.817746
116565768.420493 92002152.244255 -3663.407965
114911300.915132 93997829.019513 -3660.910669
113222283.428459 95964929.801018 -3639.961814
111499222.303826 97902899.020353 -3605.394178
109742617.757341 99811192.914209 -3562.882882
107952963.363825 101689274.322186 -3518.481328
106130747.546255 103536607.637832 -3478.111665
104276456.831387 105352654.814298 -3447.095623
102390580.164262 107136873.070603 -3429.803019
100473613.364976 108888714.449782 -3429.458247
98526062.946141 110607626.891809 -3448.098380
96548448.870445 112293056.211431 -3486.642054
94541306.212043 113944448.362456 -3545.016248
92505185.949372 115561251.537382 -3622.294872
90440655.226697 117142917.871597 -3716.819110
88348297.416470 118688904.712788 -3826.286319
86228712.249310 120198675.552618 -3947.808083
84082516.189164 121671700.806655 -4077.948396
81910343.129085 123107458.684714 -4212.760712
79712845.363134 124505436.420638 -4347.848355
77490694.647658 125865132.113116 -4478.475218
75244583.014748 127186057.339020 -4599.750087
72975222.888264 128467740.515612 -4706.894965
70683346.051208 129709730.724662 -4795.585061
68369701.182137 130911601.450442 -4862.320724
66035050.004672 132072953.550267 -4904.771037
63680162.462928 133193416.865749 -4922.026262
61305811.582182 134272650.177171 -4914.715005
58912768.695596 135310339.565796 -4884.972850
56501799.545231 136306195.517439 -4836.277353
54073661.527741 137259949.199019 -4773.179584
51629102.173840 138171348.308421 -4700.964809
49168858.864092 139040152.834879 -4625.271924
46693659.746153 139866131.044626 -4551.700278
44204225.757259 140649056.025665 -4485.435757
41701273.533959 141388703.127531 -4430.931271
39185518.839589 142084848.551055 -4391.673820
36657680.037525 142737269.163207 -4370.057350
34118481.153004 143345743.386401 -4367.360718
31568654.205978 143910052.829098 -4383.810482
29008940.705233 144429984.251029 -4418.696330
26440092.390540 144905331.499829 -4470.505424
23862871.439459 145335897.175826 -4537.048862
21278050.405413 145721493.925213 -4615.564507
18686412.140667 146061945.391770 -4702.792059
16088749.905232 146357086.961356 -4795.026595
13485867.783946 146606766.514146 -4888.165798
10878581.426423 146810845.459995 -4977.774032
8267718.976671 146969200.360072 -5059.192380
5654121.867508 147081725.396223 -5127.724872
3038644.952690 147148335.783443 -5178.921667
422155.332688 147168971.893908 -5208.954709
-2194470.658047 147143603.424801 -5215.041163
-4810352.396424 147072232.587825 -5195.828920
-7424611.271520 146954895.293635 -5151.641959
-10036377.184168 146791659.783983 -5084.510590
-12644793.960070 146582622.942478 -4997.975497
-15249022.801173 146327905.170707 -4896.720786
-17848243.577711 146027644.924707 -4786.125647
-20441654.321984 145681993.772644 -4671.817639
-23028469.516792 145291112.411497 -4559.279956
-25607917.718833 144855167.725278 -4453.533221
-28179238.883706 144374330.788668 -4358.892797
-30741681.604929 143848775.689788 -4278.796186
-33294500.403128 143278679.079841 -4215.696010
-35836953.191655 142664220.382799 -4171.015849
-38368299.056777 142005582.582724 -4145.164958
-40887796.481508 141302953.457739 -4137.603441
-43394702.092819 140556527.079564 -4146.943924
-45888269.931332 139766505.377145 -4171.072188
-48367751.156480 138933099.587163 -4207.269395
-50832394.034505 138056531.477567 -4252.322572
-53281444.026289 137137034.315938 -4302.616786
-55714143.798994 136174853.645683 -4354.210538
-58129733.027438 135170248.019791 -4402.904363
-60527447.929407 134123489.918595 -4444.320936
-62906520.603249 133034867.133806 -4474.022397
-65266178.417351 131904684.906247 -4487.694691
-67605643.929660 130733269.000836 -4481.424244
-69924136.020933 129520969.617997 -4452.071558
-72220872.947401 128268165.555613 -4397.704536
-74495077.654242 126975267.492103 -4317.999753
-76745984.883190 125642719.012480 -4214.482250
-78972848.667227 124270994.420693 -4090.492531
-81174948.351207 122860593.462599 -3950.854642
-83351591.732259 121412034.240222 -3801.329044
-85502115.031137 119925846.098032 -3647.999767
-87625880.456953 118402563.887408 -3496.733708
-89722272.568244 116842724.180664 -3352.785990
-91790694.462791 115246863.276680 -3220.558479
-93830564.384595 113615516.493088 -3103.479451
-97822380.808322 110248502.435527 -2923.418568
-99773217.005536 108513903.302676 -2862.283153
-101693277.282927 106745956.094957 -2820.082209
-103582022.920235 104945198.118890 -2795.502757
-105438919.722279 103112169.809313 -2786.485727
-107263437.294168 101247415.894504 -2790.331328
-109055048.583774 99351486.575025 -2803.811939
-110813229.652444 97424938.645804 -2823.285468
-112537459.594992 95468336.514320 -2844.803471
-114227220.504802 93482253.117777 -2864.212340
-115881997.382804 91467270.809582 -2877.251875
-117501277.929745 89423982.358113 -2879.662793
-119084552.248383 87352992.262968 -2867.321743
-120631312.623991 85254918.619885 -2836.427196
-122141053.745082 83130395.710167 -2783.757900
-123613273.930285 80980077.288826 -2707.011006
-125047478.023729 78804640.147472 -2605.192952
-126443182.411997 76604786.989614 -2478.984444
-127799921.937780 74381247.248983 -2330.952918
-129117257.467925 72134774.649219 -2165.483726
-130394782.099172 69866141.297955 -1988.377252
-131632124.155533 67576129.534709 -1806.189868
-132828946.339291 65265523.677917 -1625.500099
-133984941.869868 62935103.605877 -1452.287542
-135099829.247421 60585641.037187 -1291.529988
-136173347.144328 58217898.267812 -1147.022713
-137205250.270441 55832628.540940 -1021.360732
-138195306.405325 53430577.196663 -916.011064
-139143294.402063 51012483.006086 -831.418536
-140049002.840828 48579079.393140 -767.113190
-139143294.402063 51012483.006086 -831.418536
-140049002.840828 48579079.393140 -767.113190
-140912229.042517 46131095.468859 -721.807730
-141732778.247838 43669256.925991 -693.486046
-142510462.867878 41194286.885847 -679.489481
-143245101.790751 38706906.781331 -676.608079
-143936519.774562 36207837.324820 -681.181621
-144584546.968443 33697799.568320 -689.211723
-145189018.587533 31177516.034170 -696.483375
-145749774.738585 28647711.889893 -698.693403
-146266660.368958 26109116.164253 -691.585078
-146739525.312231 23562463.046591 -671.092180
-147168224.443888 21008493.361664 -633.501055
-147552618.048803 18447956.341178 -575.643213
-147892572.633933 15881611.784241 -495.130478
-148187962.563980 13310232.566212 -390.634905
-148438672.976718 10734607.181774 -262.191907
-148644604.312755 8155541.616336 -111.467383
-148805678.331753 5573859.491638 58.109564
-148921844.699151 2990399.447646 241.457719
-148993086.470074 406009.399242 432.258344
-149019422.684370 -2178461.471608 623.623042
-149000907.166992 -4762171.055224 808.852715
-148937624.076125 -7344290.915501 982.089850
-148829681.819707 -9924009.980176 1138.731107
-148677207.083774 -12500535.389767 1275.578688
-148480340.082676 -15073091.399362 1390.794409
-148239231.343164 -17640917.393026 1483.748219
-147954039.791082 -20203265.803063 1554.837181
-147624931.701575 -22759400.346533 1605.319553
-146835664.251666 -27850131.455777 1653.028527
-146375869.233620 -30383301.463131 1656.009326
-145872885.247673 -32907402.962580 1649.726583
-145326906.980495 -35421740.796668 1638.152670
-144738132.926248 -37925625.347717 1625.521611
-144106764.837655 -40418371.251444 1616.198622
-143433007.403820 -42899295.892821 1614.526425
-142717068.234746 -45367717.739871 1624.652300
-141959158.199471 -47822954.581456 1650.341265
-141159492.146086 -50264321.721116 1694.779809
-140318290.045644 -52691130.158670 1760.372541
-139435778.651526 -55102684.795492 1848.533689
-138512193.830525 -57498282.763846 1959.480273
-137547783.749146 -59877212.127824 2092.046707
-136542813.007751 -62238751.415409 2243.561320
-135497567.528737 -64582170.622981 2409.846166
-134412359.528214 -66906734.305606 2585.406257
-133287531.419080 -69211706.947408 2763.843436
-132123457.365418 -71496360.011019 2938.459571
-130920541.723259 -73759979.258155 3102.932217
-129679214.632746 -76001870.663129 3251.905501
-128399925.991856 -78221363.764006 3381.371951
-127083139.371595 -80417812.289895 3488.806559
-125729327.049955 -82590592.753642 3573.097931
-124338966.632442 -84739102.027830 3634.362191
-122912539.126204 -86862754.775222 3673.721190
-121450528.033420 -88960981.248745 3693.098684
-119953418.988286 -91033225.637699 3695.057943
-118421699.558353 -93078944.909938 3682.682072
-116855858.967703 -95097607.982451 3659.485569
-115256387.629157 -97088695.010500 3629.339818
-113623776.483254 -99051696.588623 3596.393908
-111958516.233740 -100986112.690927 3564.973893
-110261096.641462 -102891451.239567 3539.448187
-108532006.082067 -104767226.276266 3524.053958
-106771731.575587 -106612955.811573 3522.688437
-104980759.451397 -108428159.518463 3538.677980
-103159576.730157 -110212356.495747 3574.544264
-101308673.211891 -111965063.337855 3631.789264
-99428544.187691 -113685792.719936 3710.719137
-97519693.656626 -115374052.671477 3810.324334
-95582637.912494 -117029346.701254 3928.232433
-93617909.322856 -118651174.959335 4060.752679
-91626060.010440 -120239036.639016 4203.034174
-89607664.963962 -121792433.751525 4349.355741
-87563323.933168 -123310876.170034 4493.546567
-85493661.457653 -124793887.442527 4629.501125
-83399324.676299 -126241010.469750 4751.711682
-81280979.134145 -127651811.989840 4855.720182
-79139303.395345 -129025885.075658 4938.407167
-76974983.562963 -130362849.445557 4998.084936
-74788708.656477 -131662350.004913 5034.419653
-72581167.342113 -132924054.383027 5048.244458
-70353046.021826 -134147650.228724 5041.332167
-68105027.963992 -135332842.796241 5016.179648
-65837793.047353 -136479353.063440 4975.831449
-63552017.728652 -137586916.390235 4923.748693
-61248374.951978 -138655281.579095 4863.714686
-58927533.840056 -139684210.126690 4799.760548
-56590159.124199 -140673475.430711 4736.090491
-51868441.248410 -142532162.554259 4626.668675
-49485398.903615 -143401178.707583 4589.116003
-47088424.119278 -144229715.637637 4567.821275
-44678152.228646 -145017580.620167 4565.524421
-42255215.180202 -145764580.044834 4583.942078
-39820244.654312 -146470517.336937 4623.543363
-37373875.959260 -147135191.957629 4683.414235
-34916752.237966 -147758399.751568 4761.239669
-32449528.461775 -148339934.671835 4853.412035
-29972874.758755 -148879591.708695 4955.255049
-27487478.752149 -149377170.735292 5061.340933
-24994046.696921 -149832480.943049 5165.873489
-22493303.275996 -150245345.513543 5263.106564
-19985989.991513 -150615606.119497 5347.761795
-17472862.219077 -150943126.783940 5415.402645
-14954685.201824 -151227796.626790 5462.719698
-12432229.485312 -151469531.163266 5487.692136
-9906266.422481 -151668272.088253 5489.613083
-7377564.327275 -151823985.792592 5468.994850
-4846885.637001 -151936661.082596 5427.392417
-2314985.154735 -152006306.632990 5367.191666
217390.801002 -152032948.605971 5291.402638
2749504.645600 -152016628.688162 5203.483364
5280627.504669 -151957402.611269 5107.203439
7810039.191482 -151855339.077313 5006.543093
10337028.370118 -151710518.915419 4905.614248
12860892.986267 -151523034.244575 4808.584441
15380940.936173 -151292987.395826 4719.581654
17896490.818999 -151020489.361060 4642.558317
20406872.480704 -150705657.603852 4581.097793
22911426.934459 -150348613.219425 4538.159249
25409505.195874 -149949477.677718 4515.778442
27900465.684839 -149508369.682652 4514.769385
30383670.169118 -149025402.909526 4534.494595
32858478.695157 -148500685.378444 4572.774613
35324244.370096 -147934320.897617 4625.981717
37780308.993980 -147326412.465022 4689.315118
40226000.304897 -146677067.007633 4757.207868
42660631.129597 -145986400.601130 4823.791117
45083500.280602 -145254543.399150 4883.345662
47493894.786697 -144481643.773569 4930.693032
49891093.002052 -143667871.442560 4961.502520
52274368.212659 -142813419.536660 4972.506559
54642992.440820 -141918505.625417 4961.624050
56996240.188757 -140983371.756952 4927.994308
59333391.872751 -140008283.605327 4871.928428
61653736.721273 -138993528.892197 4794.791472
63956574.976650 -137939415.326102 4698.836342
66241219.349554 -136846268.345574 4587.014700
68506995.798940 -135714428.935312 4462.789592
70753243.808720 -134544251.710761 4329.968392
72979316.382076 -133336103.360357 4192.565475
75184579.971621 -132090361.425644 4054.694196
77368414.519877 -130807413.307103 3920.479211
79530213.712545 -129487655.314673 3793.973561
81669385.452187 -128131491.537387 3679.060454
83785352.439031 -126739332.291879 3579.317802
85877552.595710 -125311591.945775 3497.826234
87945438.909829 -123848686.037792 3436.912000
89988478.152604 -122351027.871593 3397.838813
93997932.251413 -119253077.497684 3383.173283
95963315.062942 -117653576.186896 3402.500055
97901774.636781 -116020906.336799 3433.649338
99812778.599829 -114355451.864174 3470.765910
101695781.785999 -112657601.885055 3507.548270
103550226.857658 -110927757.173123 3537.845215
105375547.166261 -109166335.423574 3556.153689
107171170.844367 -107373774.733755 3557.960628
108936525.192900 -105550535.340298 3539.928550
110671040.768080 -103697099.998043 3499.957137
112374154.919872 -101813973.443433 3437.159604
114045314.752731 -99901681.283239 3351.784340
115683979.560998 -97960768.517493 3245.100822
117289622.788275 -95991797.814893 3119.260649
118861733.532310 -93995347.625281 2977.141545
120399817.604426 -91972010.218806 2822.182613
121903398.169345 -89922389.755305 2658.220477
123372016.029717 -87847100.485248 2489.335859
124805229.660953 -85746765.154170 2319.717595
126202615.127429 -83622013.628880 2153.546190
127563766.009201 -81473481.697163 1994.892969
128888293.435075 -79301809.926157 1847.624633
130175826.252359 -77107642.408729 1715.297754
131426011.263917 -74891625.193954 1601.024449
132638513.327060 -72654404.207311 1507.291071
133813014.945159 -70396622.554686 1435.719570
134949214.836266 -68118917.319653 1386.780756
136046824.939692 -65821916.330502 1359.502466
137105565.580030 -63506235.817836 1351.257084
138125159.150705 -61172480.158247 1357.739331
140045767.189558 -56453121.315760 1391.105499
140946187.149710 -54068706.540770 1404.615346
141806270.922958 -51668608.497365 1407.524296
142625700.896944 -49253452.685376 1394.678578
143404160.020364 -46823884.801140 1362.291554
144141337.245255 -44380571.213338 1308.014682
144836931.954955 -41924197.840554 1230.859295
145490657.201082 -39455468.248772 1131.044177
146102241.937776 -36975101.538057 1009.821658
146671432.554433 -34483830.301420 869.308831
147197993.968407 -31982398.732005 712.331371
147681710.443395 -29471560.849238 542.277572
148122386.207670 -26952078.788195 362.957627
148519845.887115 -24424721.115885 178.464916
148873934.747257 -21890261.172750 -6.960779
149184518.749215 -19349475.463745 -189.065794
149451484.450937 -16803142.126602 -363.708149
149674738.808806 -14252039.481850 -526.975583
149854208.938890 -11696944.625797 -675.299505
149989841.869918 -9138631.977113 -805.573047
150081604.255316 -6577871.647096 -915.285237
150129481.908151 -4015427.495758 -1002.684229
150133478.889741 -1452054.791448 -1066.977484
150093615.752772 1111502.449948 -1108.562312
150009926.491617 3674514.079965 -1129.253263
149882453.918539 6236265.632085 -1132.436628
149711243.692216 8796058.268836 -1123.052682
149496338.031873 11353205.883580 -1107.313643
149237770.866250 13907029.144017 -1092.135535
148935566.166778 16456847.535863 -1084.380243
148589740.197536 19001971.490480 -1090.100548
148200306.896462 21541696.676921 -1113.982434
147767284.575964 24075301.492408 -1159.082998
147290702.143387 26602047.476879 -1226.840703
146770603.800137 29121181.591910 -1317.260830
146207052.030247 31631939.230323 -1429.171058
145600129.217820 34133547.171705 -1560.473820
144949938.393424 36625226.120877 -1708.361106
144256603.543183 39106192.774953 -1869.486053
143520269.765900 41575661.527373 -2040.101006
142741103.417204 44032845.969548 -2216.176719
141919292.268290 46476960.336984 -2393.516195
141055045.637575 48907220.999950 -2567.872443
140148594.424243 51322848.042021 -2735.074139
139200190.976559 53723066.920216 -2891.158620
138210108.753514 56107110.171315 -3032.508874
137178641.769176 58474219.127076 -3155.991032
136106103.825984 60823645.623786 -3259.090884
134992827.529998 63154653.724989 -3340.051108
133839163.030358 65466521.496805 -3398.012754
132645476.343567 67758542.853103 -3433.162645
131412147.038018 70030029.392492 -3446.879607
130139565.021381 72280311.961327 -3441.855307
128828126.280943 74508741.418064 -3422.141736
127478227.764699 76714687.850183 -3393.056765
126090262.159678 78897537.517891 -3360.881211
124664613.904876 81056687.296352 -3332.326354
123201657.922539 83191537.351270 -3313.839117
121701761.894059 85301483.749559 -3310.900957
120165291.624387 87385912.973307 -3327.501239
116984122.983078 91475706.911714 -3426.668720
115340205.439728 93479790.053361 -3508.944904
113661283.013617 95455799.428259 -3610.737874
111947793.817684 97403084.404791 -3729.242943
110200196.480131 99320996.224230 -3861.091555
108418969.794140 101208890.229717 -4002.538287
106604612.265424 103066127.524470 -4149.595816
104757641.768012 104892076.284002 -4298.138275
102878595.370844 106686112.949790 -4443.993660
100968029.291321 108447623.490786 -4583.042154
99026518.862290 110176004.855436 -4711.331360
97054658.363441 111870666.661239 -4825.212485
95053060.567209 113531033.091645 -4921.494490
93022355.881382 115156544.905128 -4997.607294
90963191.025148 116746661.423706 -5051.761815
88876227.232088 118300862.365131 -5083.094374
86762138.009141 119818649.406189 -5091.785216
84621606.481870 121299547.388806 -5079.143122
82455322.332415 122743105.073499 -5047.647515
80263978.323859 124148895.283808 -5000.934089
78048266.459111 125516514.179828 -4943.700779
75808873.995535 126845579.308361 -4881.503266
73546479.829248 128135726.113691 -4820.413259
71261752.068616 129386602.877433 -4766.539123
68955347.708073 130597864.606261 -4725.458018
66627914.961974 131769166.996559 -4701.662574
64280098.029841 132900161.881330 -4698.147915
61912543.211416 133990495.212987 -4716.231054
59525904.886685 135039807.779610 -4755.616775
57120850.143447 136047737.987053 -4814.647036
54698061.528479 137013925.616590 -4890.634627
52258238.074527 137938015.567929 -4980.192475
49802095.131712 138819660.989485 -5079.506055
47330363.592911 139658525.607517 -5184.533374
44843788.977771 140454285.346969 -5291.141884
42343130.659525 141206629.473830 -5395.203570
39829161.353583 141915261.525323 -5492.672219
37302666.855855 142579900.275261 -5579.664807
34764445.916861 143200280.932333 -5652.564044
32215310.059116 143776156.694419 -5708.152094
29656083.095007 144307300.680104 -5743.776080
27087600.096894 144793508.133650 -5757.534761
24510705.628787 145234598.672875 -5748.464719
21926251.171806 145630418.258664 -5716.696896
19335091.836534 145980840.548594 -5663.553757
16738082.601503 146285767.367846 -5591.564445
14136074.397750 146545128.159222 -5504.387331
11529910.360084 146758878.402877 -5406.640970
8920422.519961 146926997.076998 -5303.651607
6308429.180958 147049483.260022 -5201.128041
3694733.233119 147126352.001119 -5104.777256
1080121.705669 147157629.675475 -5019.882621
-1534633.154511 147143349.223311 -4950.882574
-4148771.156471 147083545.888134 -4901.005825
-6761540.012963 146978254.176363 -4872.026162
-9372190.395297 146827506.614466 -4864.184080
-11979971.090951 146631334.468574 -4876.284003
-14584125.107211 146389770.084177 -4905.930974
-17183887.214851 146102850.144950 -4949.841069
-19778482.968286 145770619.083979 -5004.156959
