-226258228.083906 104240783.007696 7737797.254261
-227048465.767282 102514911.088708 7721033.012313
-227824174.652804 100782479.968676 7703774.696055
-228585305.231686 99043600.553150 7686023.414416
-229331808.666443 97298384.044685 7667780.299019
-230063636.791415 95546941.941713 7649046.504176
-230780742.113350 93789386.037437 7629823.206874
-231483077.812028 92025828.418742 7610111.606770
-232170597.740946 90256381.465124 7589912.926184
-232843256.428044 88481157.847637 7569228.410095
-233501009.076492 86700270.527853 7548059.326133
-234143811.565521 84913832.756837 7526406.964585
-234771620.451308 83121958.074139 7504272.638385
-235384392.967915 81324760.306795 7481657.683120
-235982087.028272 79522353.568337 7458563.457032
-236564661.225213 77714852.257823 7434991.341014
-237132074.832566 75902371.058864 7410942.738620
-237684287.806282 74085024.938673 7386419.076065
-238221260.785621 72262929.147118 7361421.802233
-238742955.094377 70436199.215785 7335952.388679
-239249332.742159 68604950.957053 7310012.329639
-239740356.425705 66769300.463184 7283603.142037
-240215989.530256 64929364.105427 7256726.365492
-240676196.130960 63085258.533134 7229383.562332
-241120940.994344 61237100.672908 7201576.317602
-241550189.579816 59385007.727765 7173306.239083
-241963908.041239 57529097.176330 7144574.957308
-242362063.228562 55669486.772057 7115384.125587
-242744622.689521 53806294.542491 7085735.420031
-243111554.671426 51939638.788543 7055630.539589
-243462828.123035 50069638.083803 7025071.206087
-243798412.696534 48196411.273856 6994059.164274
-244118278.749627 46320077.475610 6962596.181878
-244422397.347736 44440756.076600 6930684.049659
-244710740.266317 42558566.734267 6898324.581480
-244983279.993279 40673629.375184 6865519.614363
-245239989.731492 38786064.194220 6832271.008559
-245480843.401372 36895991.653640 6798580.647607
-245705815.643526 35003532.482129 6764450.438394
-245914881.821430 33108807.673747 6729882.311204
-246108018.024138 31211938.486831 6694878.219767
-246285201.069009 29313046.442859 6659440.141302
-246446408.504445 27412253.325269 6623570.076549
-246591618.612654 25509681.178277 6587270.049809
-246720810.412427 23605452.305675 6550542.108971
-246833963.661949 21699689.269638 6513388.325547
-246931058.861650 19792514.889532 6475810.794705
-247012077.257100 17884052.240720 6437811.635300
-247077000.841957 15974424.653382 6399392.989915
-247125812.360983 14063755.711320 6360557.024897
-247158495.313112 12152169.250770 6321305.930403
-247175033.954595 10239789.359197 6281641.920440
-247175413.302208 8326740.374076 6241567.232917
-247159619.136539 6413146.881658 6201084.129693
-247127638.005332 4499133.715707 6160194.896633
-247079457.226914 2584825.956219 6118901.843656
-247015064.893684 670348.928099 6077207.304801
-246934449.875677 -1244171.800182 6035113.638277
-246837601.824190 -3158610.417978 5992623.226528
-246724511.175484 -5072840.873884 5949738.476291
-246724511.175484 -5072840.873884 5949738.476291
-246595169.154549 -6986736.877201 5906461.818662
-246449567.778937 -8900171.899440 5862795.709157
-246287699.862664 -10813019.175870 5818742.627777
-246109559.020176 -12725151.707106 5774305.079072
-245915139.670383 -14636442.260748 5729485.592211
-245704437.040760 -16546763.373071 5684286.721044
-245477447.171510 -18455987.350752 5638711.044174
-245234166.919796 -20363986.272664 5592761.165022
-244974593.964041 -22270631.991708 5546439.711895
-244698726.808287 -24175796.136702 5499749.338059
-244406564.786625 -26079350.114332 5452692.721806
-244098108.067685 -27981165.111146 5405272.566522
-243773357.659198 -29881112.095619 5357491.600762
-243432315.412616 -31779061.820262 5309352.578317
-243074984.027797 -33674884.823808 5260858.278286
-242701367.057764 -35568451.433440 5212011.505147
-242311468.913511 -37459631.767103 5162815.088832
-241905294.868892 -39348295.735861 5113271.884790
-241482851.065557 -41234313.046334 5063384.774069
-241044144.517963 -43117553.203195 5013156.663381
-240589183.118442 -44997885.511737 4962590.485175
-240117975.642332 -46875179.080513 4911689.197711
-239630531.753173 -48749302.824050 4860455.785129
-239126862.007962 -50620125.465627 4808893.257523
-238606977.862470 -52487515.540139 4757004.651012
-238070891.676620 -54351341.397034 4704793.027809
-237518616.719927 -56211471.203329 4652261.476296
-236950167.176992 -58067772.946704 4599413.111091
-236365558.153063 -59920114.438686 4546251.073119
-235764805.679650 -61768363.317906 4492778.529685
-235147926.720194 -63612387.053454 4438998.674538
-234514939.175801 -65452052.948310 4384914.727945
-233865861.891028 -67287228.142878 4330529.936755
-233200714.659723 -69117779.618598 4275847.574467
-232519518.230920 -70943574.201661 4220870.941298
-231822294.314793 -72764478.566819 4165603.364249
-231109065.588651 -74580359.241288 4110048.197163
-230379855.702994 -76391082.608755 4054208.820798
-229634689.287617 -78196514.913488 3998088.642882
-228873591.957760 -79996522.264545 3941691.098175
-228096590.320304 -81790970.640094 3885019.648529
-227303711.980019 -83579725.891839 3828077.782948
-226494985.545850 -85362653.749560 3770869.017639
-225670440.637242 -87139619.825756 3713396.896068
-224830107.890519 -88910489.620411 3655664.989015
-223974018.965280 -90675128.525872 3597676.894620
-223102206.550848 -92433401.831844 3539436.238432
-222214704.372744 -94185174.730495 3480946.673458
-221311547.199190 -95930312.321690 3422211.880201
-220392770.847646 -97668679.618332 3363235.566706
-219458412.191371 -99400141.551824 3304021.468595
-218508509.166012 -101124562.977641 3244573.349111
-217543100.776215 -102841808.681016 3184894.999147
-216562227.102273 -104551743.382737 3124990.237287
-215565929.306796 -106254231.745047 3064862.909840
-214554249.641421 -107949138.377656 3004516.890876
-213527231.453567 -109636327.843852 2943956.082266
-212484919.193241 -111315664.666734 2883184.413720
-211427358.419900 -112987013.335543 2822205.842830
-210354595.809388 -114650238.312140 2761024.355119
-209266679.160943 -116305204.037610 2699643.964090
-208163657.404279 -117951774.939028 2638068.711272
-207045580.606743 -119589815.436406 2576302.666277
-205912499.980531 -121219189.949828 2514349.926842
-204764467.889952 -122839762.906795 2452214.618878
-203601537.858720 -124451398.749792 2389900.896506
-202423764.577252 -126053961.944064 2327412.942082
-201231203.909955 -127647316.985621 2264754.966224
-200023912.902490 -129231328.409435 2201931.207815
-198801949.788989 -130805860.797846 2138945.934006
-197565373.999239 -132370778.789142 2075803.440204
-196314246.165818 -133925947.086308 2012508.050058
-195048628.131190 -135471230.465938 1949064.115436
-193768582.954768 -137006493.787309 1885476.016393
-192474174.919942 -138531602.001594 1821748.161141
-191165469.541096 -140046420.161240 1757884.986016
-189842533.570591 -141550813.429497 1693890.955432
-188505435.005740 -143044647.090108 1629770.561849
-187154243.095773 -144527786.557159 1565528.325722
-185789028.348778 -146000097.385108 1501168.795459
-184409862.538632 -147461445.278982 1436696.547372
-183016818.711919 -148911696.104755 1372116.185623
-181609971.194817 -150350715.899913 1307432.342170
-180189395.599973 -151778370.884209 1242649.676707
-178755168.833340 -153194527.470604 1177772.876602
-177307369.100996 -154599052.276412 1112806.656831
-175846075.915910 -155991812.134638 1047755.759903
-174371370.104687 -157372674.105518 982624.955784
-172883333.814254 -158741505.488263 917419.041817
-171382050.518505 -160098173.833013 852142.842634
-169867605.024895 -161442546.952987 786801.210064
-168340083.480970 -162774492.936857 721399.023034
-166799573.380841 -164093880.161321 655941.187464
-165246163.571593 -165400577.303894 590432.636160
-163679944.259619 -166694453.355914 524878.328696
-162101007.016882 -167975377.635759 459283.251293
-160509444.787100 -169243219.802288 393652.416686
-158905351.891843 -170497849.868491 327990.863995
-157288824.036547 -171739138.215368 262303.658576
-155659958.316428 -172966955.606023 196595.891878
-154018853.222305 -174181173.199980 130872.681279
-152365608.646320 -175381662.567729 65139.169931
-150700325.887546 -176568295.705487 -599.473415
-149023107.657488 -177740945.050188 -66338.054591
-147334058.085467 -178899483.494706 -132071.354191
-145633282.723879 -180043784.403293 -197794.127770
-143920888.553329 -181173721.627255 -263501.106043
-142196983.987636 -182289169.520853 -329186.995099
-140461678.878697 -183390002.957433 -394846.476612
-138715084.521205 -184476097.345790 -460474.208075
-136957313.657233 -185547328.646756 -526064.823031
-135188480.480648 -186603573.390025 -591612.931317
-133408700.641377 -187644708.691207 -657113.119317
-131618091.249504 -188670612.269113 -722559.950224
-129816770.879202 -189681162.463278 -787947.964307
-128004859.572482 -190676238.251702 -853271.679197
-126182478.842763 -191655719.268839 -918525.590170
-124349751.678259 -192619485.823807 -983704.170448
-122506802.545165 -193567418.918834 -1048801.871509
-120653757.390647 -194499400.267935 -1113813.123400
-118790743.645626 -195415312.315814 -1178732.335072
-116917890.227345 -196315038.257008 -1243553.894712
-115035327.541726 -197198462.055247 -1308272.170094
-113143187.485489 -198065468.463053 -1372881.508938
-111241603.448052 -198915943.041561 -1437376.239279
-109330710.313181 -199749772.180570 -1501750.669850
-107410644.460400 -200566843.118815 -1565999.090467
-105481543.766147 -201367043.964468 -1630115.772439
-103543547.604667 -202150263.715861 -1694094.968976
-101596796.848642 -202916392.282425 -1757930.915620
-99641433.869541 -203665320.505853 -1821617.830675
-97677602.537689 -204396940.181477 -1885149.915662
-95705448.222047 -205111144.079857 -1948521.355779
-93725117.789690 -205807825.968586 -2011726.320371
-91736759.604979 -206486880.634294 -2074758.963420
-89740523.528417 -207148203.904862 -2137613.424042
-87736560.915182 -207791692.671827 -2200283.826994
-85725024.613330 -208417244.912987 -2262764.283206
-83706068.961657 -209024759.715181 -2325048.890306
-81679849.787215 -209614137.297255 -2387131.733176
-79646524.402479 -210185279.033196 -2449006.884509
-77606251.602158 -210738087.475426 -2510668.405380
-75559191.659642 -211272466.378250 -2572110.345825
-73505506.323104 -211788320.721452 -2633326.745437
-71445358.811228 -212285556.734024 -2694311.633962
-69378913.808593 -212764081.918038 -2755059.031908
-67306337.460702 -213223805.072652 -2815562.951162
-65227797.368665 -213664636.318246 -2875817.395615
-63143462.583522 -214086487.120716 -2935816.361788
-61053503.600228 -214489270.315912 -2995553.839479
-58958092.351264 -214872900.134248 -3055023.812407
-56857402.199872 -215237292.225480 -3114220.258882
-54751607.932898 -215582363.683672 -3173137.152481
-52640885.753200 -215908033.072332 -3231768.462739
-50525413.271624 -216214220.449732 -3290108.155870
-48405369.498491 -216500847.394381 -3348150.195497
-46280934.834609 -216767837.030644 -3405888.543407
-44152291.061764 -217015114.054474 -3463317.160324
-42019621.332708 -217242604.759254 -3520430.006700
-39883110.160613 -217450237.061703 -3577221.043530
-37742943.408015 -217637940.527845 -3633684.233170
-35599308.275232 -217805646.399020 -3689813.540186
-33452393.288265 -217953287.617916 -3745602.932201
-31302388.286183 -218080798.854623 -3801046.380765
-29149484.407997 -218188116.532699 -3856137.862233
-26993874.079012 -218275178.855223 -3910871.358654
-24835750.996673 -218341925.830862 -3965240.858673
-22675310.115879 -218388299.299909 -4019240.358442
-20512747.633792 -218414242.960311 -4072863.862544
-18348260.974104 -218419702.393671 -4126105.384929
-16182048.770780 -218404625.091207 -4178958.949859
-14014310.851267 -218368960.479679 -4231418.592865
-11845248.219154 -218312659.947256 -4283478.361716
-9675063.036290 -218235676.869325 -4335132.317402
-7503958.604352 -218137966.634220 -4386374.535123
-5332139.345857 -218019486.668882 -4437199.105294
-3159810.784601 -217880196.464402 -4487600.134560
-987179.525554 -217720057.601480 -4537571.746824
1185546.765834 -217539033.775745 -4587108.084283
3358159.384887 -217337090.822955 -4636203.308478
5530448.609536 -217114196.744048 -4684851.601354
7702203.722737 -216870321.730037 -4733047.166333
9873213.035461 -216605438.186727 -4780784.229391
12043263.910271 -216319520.759263 -4828057.040154
14212142.785487 -216012546.356457 -4874859.873000
16379635.199935 -215684494.174926 -4921187.028171
18545525.818286 -215335345.722984 -4967032.832892
20709598.456979 -214965084.844306 -5012391.642507
22871636.110741 -214573697.741334 -5057257.841617
25031420.979688 -214161172.998406 -5101625.845230
27188734.497022 -213727501.604610 -5145490.099917
29343357.357311 -213272676.976334 -5188845.084982
31495069.545361 -212796694.979501 -5231685.313633
33643650.365665 -212299553.951476 -5274005.334161
35788878.472448 -211781254.722628 -5315799.731133
37930531.900282 -211241800.637529 -5357063.126587
40068388.095284 -210681197.575784 -5397790.181229
42202223.946895 -210099453.972461 -5437975.595644
44331815.820221 -209496580.838119 -5477614.111509
46456939.588946 -208872591.778418 -5516700.512807
48577370.668815 -208227503.013279 -5555229.627056
50692884.051662 -207561333.395602 -5593196.326532
52803254.340006 -206874104.429509 -5630595.529499
54908255.782183 -206165840.288099 -5667422.201447
57007662.308031 -205436567.830707 -5703671.356324
59101247.565094 -204686316.619644 -5739338.057778
61188784.955372 -203915118.936405 -5774417.420401
63270047.672578 -203123009.797325 -5808904.610965
65344808.739915 -202310026.968678 -5842794.849672
67412841.048352 -201476210.981192 -5876083.411394
69473917.395398 -200621605.143972 -5908765.626919
71527810.524364 -199746255.557811 -5940836.884192
73574293.164096 -198850211.127881 -5972292.629560
75613138.069178 -197933523.575777 -6003128.369009
77644118.060592 -196996247.450916 -6033339.669406
79667006.066816 -196038440.141264 -6062922.159730
81681575.165362 -195060161.883371 -6091871.532306
83687598.624734 -194061475.771724 -6120183.544032
85684849.946790 -193042447.767373 -6147854.017604
87673102.909509 -192003146.705845 -6174878.842734
89652131.610136 -190943644.304304 -6201253.977360
91621710.508699 -189864015.167969 -6226975.448857
93581614.471885 -188764336.795754 -6252039.355232
95531618.817259 -187644689.585131 -6276441.866322
97471499.357805 -186505156.836194 -6300179.224971
99401032.446792 -185345824.754910 -6323247.748212
101319995.022925 -184166782.455544 -6345643.828427
103228164.655782 -182968121.962240 -6367363.934504
105125319.591510 -181749938.209745 -6388404.612979
107011238.798757 -180512329.043260 -6408762.489163
108885702.014827 -179255395.217403 -6428434.268261
110748489.792021 -177979240.394269 -6447416.736463
112599383.544139 -176683971.140583 -6465706.762029
114438165.593124 -175369696.923929 -6483301.296350
116264619.215801 -174036530.108056 -6500197.374982
118078528.690699 -172684585.947262 -6516392.118672
119879679.344912 -171313982.579859 -6531882.734350
121667857.600984 -169924841.020728 -6546666.516107
123442851.023800 -168517285.152975 -6560740.846146
125204448.367470 -167091441.718693 -6574103.195722
126952439.622186 -165647440.308838 -6586751.126058
128686616.061067 -164185413.352231 -6598682.289246
130406770.286972 -162705496.103665 -6609894.429137
132112696.279282 -161207826.631112 -6620385.382208
133804189.440637 -159692545.802033 -6630153.078423
135481046.643625 -158159797.268738 -6639195.542073
137143066.277382 -156609727.452826 -6647510.892599
138790048.294101 -155042485.528646 -6655097.345394
140421794.255398 -153458223.405796 -6661953.212589
142038107.378526 -151857095.710646 -6668076.903807
143638792.582385 -150239259.766874 -6673466.926900
145223656.533309 -148604875.575023 -6678121.888654
146792507.690594 -146954105.791082 -6682040.495468
148345156.351741 -145287115.704093 -6685221.554005
149881414.697379 -143604073.212784 -6687663.971814
151401096.835848 -141905148.801256 -6689366.757918
152904018.847414 -140190515.513709 -6690329.023378
154389998.828092 -138460348.928230 -6690549.981826
155858856.933050 -136714827.129648 -6690028.949957
157310415.419579 -134954130.681466 -6688765.348007
158744498.689591 -133178442.596876 -6686758.700185
160160933.331639 -131387948.308874 -6684008.635082
161559548.162429 -129582835.639477 -6680514.886043
162940174.267799 -127763294.768060 -6676277.291515
164302645.043148 -125929518.198821 -6671295.795353
165646796.233290 -124081700.727382 -6665570.447100
166972465.971716 -122220039.406542 -6659101.402234
168279494.819235 -120344733.511204 -6651888.922381
169567725.801981 -118455984.502462 -6643933.375495
170837004.448760 -116553995.990898 -6635235.236004
172087178.827721 -114638973.699073 -6625795.084926
173318099.582318 -112711125.423244 -6615613.609950
174529619.966568 -110770660.994316 -6604691.605479
175721595.879557 -108817792.238052 -6593029.972646
176893885.899194 -106852732.934547 -6580629.719293
178046351.315191 -104875698.776991 -6567491.959915
179178856.161244 -102886907.329746 -6553617.915574
180291267.246401 -100886577.985735 -6539008.913772
181383454.185610 -98874931.923183 -6523666.388295
182455289.429409 -96852192.061717 -6507591.879027
183506648.292758 -94818583.017853 -6490787.031717
184537408.983002 -92774331.059887 -6473253.597727
185547452.626926 -90719664.062204 -6454993.433733
186536663.296915 -88654811.459045 -6436008.501405
187504928.036190 -86580004.197734 -6416300.867038
188452136.883107 -84495474.691400 -6395872.701166
189378182.894515 -82401456.771214 -6374726.278131
190282962.168153 -80298185.638158 -6352863.975620
191166373.864076 -78185897.814362 -6330288.274177
192028320.225109 -76064831.094020 -6307001.756672
192868706.596299 -73935224.493915 -6283007.107742
193687441.443386 -71797318.203582 -6258307.113207
194484436.370249 -69651353.535123 -6232904.659438
195259606.135355 -67497572.872704 -6206802.732707
196012868.667171 -65336219.621769 -6180004.418504
196744145.078563 -63167538.157976 -6152512.900818
197453359.680155 -60991773.775896 -6124331.461389
198140439.992654 -58809172.637496 -6095463.478935
198805316.758134 -56619981.720432 -6065912.428346
199447923.950275 -54424448.766180 -6035681.879844
200068198.783562 -52222822.228018 -6004775.498129
200666081.721428 -50015351.218913 -5973197.041478
201241516.483359 -47802285.459300 -5940950.360835
201794450.050944 -45583875.224819 -5908039.398860
202324832.672889 -43360371.294003 -5874468.188960
202832617.868972 -41132024.895965 -5840240.854290
203317762.432971 -38899087.658096 -5805361.606737
203780226.434546 -36661811.553803 -5769834.745865
204219973.220091 -34420448.850318 -5733664.657855
204636969.412554 -32175252.056591 -5696855.814404
205031184.910235 -29926473.871300 -5659412.771618
205402592.884575 -27674367.130997 -5621340.168871
205751169.776927 -25419184.758407 -5582642.727649
206076895.294331 -23161179.710919 -5543325.250376
206379752.404296 -20900604.929265 -5503392.619209
206659727.328599 -18637713.286430 -5462849.794829
206916809.536097 -16372757.536788 -5421701.815201
207150991.734583 -14105990.265512 -5379953.794314
207362269.861662 -11837663.838244 -5337610.920911
207550643.074677 -9568030.351072 -5294678.457192
207716113.739669 -7297341.580811 -5251161.737496
207858687.419385 -5025848.935634 -5207066.166968
207978372.860333 -2753803.406056 -5162397.220201
208075181.978887 -481455.516322 -5117160.439867
208149129.846436 1790944.723790 -5071361.435317
208200234.673616 4063147.866698 -5025005.881180
208228517.793618 6334905.074249 -4978099.515934
208234003.644599 8605968.164426 -4930648.140478
208216719.751232 10876089.657491 -4882657.616685
208176696.705421 13145022.821544 -4834133.865958
208113968.146223 15412521.717486 -4785082.867780
208028570.738992 17678341.243366 -4735510.658264
207920544.153804 19942237.178121 -4685423.328701
207789931.043152 22203966.224692 -4634827.024109
207636777.018963 24463286.052533 -4583727.941784
207263043.332182 28973733.813124 -4480046.485806
207042569.474307 31224382.291261 -4427476.755073
206799766.261713 33471662.722115 -4374429.529538
206534693.735375 35715338.223612 -4320911.246094
206247414.743950 37955173.122132 -4266928.385182
205937994.916289 40190932.990568 -4212487.469328
205606502.633349 42422384.685714 -4157595.061680
205253008.999540 44649296.384957 -4102257.764539
204877587.813509 46871437.622275 -4046482.217901
204480315.538383 49088579.323511 -3990275.097987
204061271.271503 51300493.840937 -3933643.115785
203620536.713649 53506954.987075 -3876593.015587
203158196.137793 55707738.067787 -3819131.573534
202674336.357403 57902619.914607 -3761265.596163
202169046.694297 60091378.916327 -3703001.918957
201642418.946095 62273795.049826 -3644347.404904
201094547.353273 64449649.910122 -3585308.943061
200525528.565845 66618726.739668 -3525893.447120
199935461.609691 68780810.456874 -3466107.853989
199324447.852557 70935687.683848 -3405959.122374
198692590.969739 73083146.773364 -3345454.231376
198039996.909482 75222977.835058 -3284600.179089
197366773.858100 77354972.760835 -3223403.981214
196673032.204848 79478925.249497 -3161872.669684
195958884.506560 81594630.830602 -3100013.291291
195224445.452072 83701886.887530 -3037832.906331
194469831.826456 85800492.679779 -2975338.587261
193695162.475065 87890249.364484 -2912537.417365
192900558.267437 89970960.017156 -2849436.489431
192086142.061045 92042429.651660 -2786042.904445
192900558.267437 89970960.017156 -2849436.489431
192086142.061045 92042429.651660 -2786042.904445
191252038.664930 94104465.239409 -2722363.770293
190398374.803235 96156875.727806 -2658406.200481
189525279.078644 98199472.057917 -2594177.312869
188632881.935757 100232067.181387 -2529684.228412
187721315.624407 102254476.076604 -2464934.069925
186790714.162950 104266515.764116 -2399933.960854
185841213.301523 106268005.321302 -2334691.024073
184872950.485308 108258765.896309 -2269212.380682
183886064.817801 110238620.721257 -2203505.148833
182880697.024115 112207395.124722 -2137576.442566
181856989.414318 114164916.543493 -2071433.370661
180815085.846832 116111014.533629 -2005083.035511
179755131.691905 118045520.780808 -1938532.532004
178677273.795162 119968269.109975 -1871788.946428
177581660.441264 121879095.494311 -1804859.355389
176468441.317674 123777838.063514 -1737750.824751
175337767.478551 125664337.111415 -1670470.408585
174189791.308781 127538435.102925 -1603025.148145
173024666.488165 129399976.680331 -1535422.070855
171842547.955764 131248808.668949 -1467668.189313
170643591.874421 133084780.082132 -1399770.500320
169427955.595475 134907742.125660 -1331735.983920
168195797.623667 136717548.201508 -1263571.602456
166947277.582256 138514053.911011 -1195284.299656
165682556.178365 140297117.057418 -1126880.999723
164401795.168545 142066597.647878 -1058368.606451
163105157.324581 143822357.894829 -989754.002361
161792806.399559 145564262.216829 -921044.047848
159121625.023355 149005971.791911 -783365.413548
157763126.683074 150705516.912449 -714410.336551
156389579.417564 152390685.840808 -645387.113139
155001151.386745 154061354.019481 -576302.481005
153598011.533987 155717399.090750 -507163.151009
152180329.554192 157358700.893857 -437975.806465
150748275.862181 158985141.461692 -368747.102440
149302021.561424 160596605.017041 -299483.665067
147841738.413093 162192977.968367 -230192.090881
146367598.805457 163774148.905183 -160878.946173
144879775.723618 165340008.592995 -91550.766350
143378442.719583 166890449.967856 -22214.055326
141863773.882676 168425368.130528 47124.715090
140335943.810285 169944660.340278 116459.105776
138795127.578930 171448226.008302 185782.710881
137241500.715660 172935966.690795 255089.158387
135675239.169761 174407786.081670 324372.110667
134096519.284771 175863590.004906 393625.265024
132505517.770811 177303286.406546 462842.354227
130902411.677229 178726785.346320 532017.147025
129287378.365572 180133998.988896 601143.448649
127660595.482901 181524841.594761 670215.101295
126022240.935468 182899229.510731 739225.984592
124372492.862770 184257081.160106 808170.016043
122711529.612019 185598317.032486 877041.151447
121039529.713017 186922859.673260 945833.385299
119356671.853457 188230633.672812 1014540.751170
117663134.854649 189521565.655447 1083157.322062
115959097.647680 190795584.268075 1151677.210753
114244739.249986 192052620.168672 1220094.570116
112520238.742339 193292606.014522 1288403.593426
110785775.246239 194515476.450271 1356598.514658
109041527.901702 195721168.095789 1424673.608762
107287675.845430 196909619.533864 1492623.191932
105524398.189369 198080771.297710 1560441.621867
103751873.999637 199234565.858330 1628123.298006
101970282.275831 200370947.611700 1695662.661772
100179801.930694 201489862.865816 1763054.196786
98380611.770159 202591259.827577 1830292.429086
96572890.473751 203675088.589543 1897371.927319
94756816.575351 204741301.116540 1964287.302938
92932568.444336 205789851.232143 2031033.210375
91100324.267058 206820694.605037 2097604.347212
89260262.028707 207833788.735257 2163995.454337
87412559.495513 208829092.940319 2230201.316087
85557394.197313 209806568.341248 2296216.760388
83694943.410476 210766177.848512 2362036.658875
81825384.141172 211707886.147867 2427655.927010
79948893.109000 212631659.686114 2493069.524184
78065646.730961 213537466.656789 2558272.453813
76175821.105774 214425276.985781 2623259.763418
74279591.998542 215295062.316883 2688026.544704
72377134.825753 216146795.997297 2752567.933623
70468624.640620 216980453.063086 2816879.110429
68554236.118756 217796010.224577 2880955.299727
66634143.544181 218593445.851739 2944791.770506
64708520.795656 219372739.959520 3008383.836172
62777541.333343 220133874.193166 3071726.854567
60841378.185785 220876831.813516 3134816.227980
58900203.937206 221601597.682287 3197647.403152
55003510.178270 222996501.527990 3322517.167964
53048333.504830 223666617.100202 3384546.873268
51088831.380972 224318496.081952 3446300.611616
49125173.989681 224952131.118476 3507774.051793
47157530.999890 225567516.367587 3568962.906901
45186071.555907 226164647.485007 3629862.934309
43210964.267119 226743521.609718 3690469.935601
41232377.197990 227304137.349345 3750779.756512
39250477.858339 227846494.765577 3810788.286864
37265433.193889 228370595.359617 3870491.460493
35277409.577091 228876442.057678 3929885.255169
33286572.798221 229364039.196526 3988965.692514
31293088.056735 229833392.509068 4047728.837911
29297119.952889 230284509.109990 4106170.800406
27298832.479613 230717397.481454 4164287.732612
25298389.014642 231132067.458856 4222075.830602
23295952.312889 231528530.216634 4279531.333796
21291684.499072 231906798.254156 4336650.524851
19285747.060576 232266885.381659 4393429.729535
17278300.840550 232608806.706271 4449865.316609
15269506.031247 232932578.618096 4505953.697692
13259522.167585 233238218.776382 4561691.327132
11248508.120940 233525746.095755 4617074.701870
9236622.093156 233795180.732544 4672100.361294
7224021.610783 234046544.071180 4726764.887098
5210863.519523 234279858.710684 4781064.903130
3197303.978890 234495148.451233 4834997.075242
1183498.457091 234692438.280825 4888558.111130
-830398.273907 234871754.362027 4941744.760177
-2844232.143082 235033124.018815 4994553.813285
-4857849.784876 235176575.723522 5046982.102712
-6871098.543508 235302139.083867 5099026.501899
-8883826.477094 235409844.830104 5150683.925296
-10895882.361571 235499724.802265 5201951.328183
-12907115.694434 235571811.937523 5252825.706499
-14917376.698280 235626140.257672 5303304.096650
-16926516.324182 235662744.856720 5353383.575334
-18934386.254880 235681661.888624 5403061.259356
-20940838.907810 235682928.555148 5452334.305441
-22945727.437984 235666583.093863 5501199.910061
-24948905.740718 235632664.766288 5549655.309245
-26950228.454234 235581213.846168 5597697.778413
-28949550.962155 235512271.607891 5645324.632195
-30946729.395881 235425880.315029 5692533.224268
-32941620.636887 235322083.209002 5739320.947191
-34934082.318927 235200924.497835 5785685.232239
-36923972.830153 235062449.345005 5831623.549246
-38911151.315137 234906703.858360 5877133.406444
-40895477.676803 234733735.079091 5922212.350297
-42876812.578221 234543590.970768 5966857.965332
-44855017.444291 234336320.408421 6011067.873964
-46829954.463260 234111973.167687 6054839.736315
-48801486.588104 233870599.914033 6098171.250021
-50769477.537729 233612252.192063 6141060.150040
-52733791.798034 233336982.414929 6183504.208447
-54694294.622804 233044843.853863 6225501.234227
-56650852.034475 232735890.627826 6267049.073071
-58603330.824751 232410177.693310 6308145.607161
-60551598.555114 232067760.834265 6348788.754962
-62495523.557214 231708696.652172 6388976.471012
-66369822.555709 230940856.753869 6467977.605137
-68299937.068405 230532198.240909 6506787.110795
-70225189.885583 230107126.792510 6545133.359462
-72145453.192344 229665702.953756 6583014.482965
-74060599.944430 229207988.030560 6620428.647984
-75970503.868044 228734044.080657 6657374.055861
-77875039.459593 228243933.904721 6693848.942399
-79774081.985370 227737721.037596 6729851.577675
-81667507.481173 227215469.739644 6765380.265844
-83555192.751855 226677244.988205 6800433.344950
-85437015.370824 226123112.469171 6835009.186738
-87312853.679478 225553138.568677 6869106.196462
-89182586.786579 224967390.364894 6902722.812702
-91046094.567581 224365935.619942 6935857.507176
-92903257.663901 223748842.771903 6968508.784558
-94753957.482130 223116180.926952 7000675.182287
-96598076.193207 222468019.851590 7032355.270395
-98435496.731537 221804429.964991 7063547.651317
-100266102.794062 221125482.331448 7094250.959712
-102089778.839293 220431248.652935 7124463.862289
-103906410.086293 219721801.261772 7154185.057621
-105715882.513624 218997213.113388 7183413.275976
-107518082.858255 218257557.779202 7212147.279134
-109312898.614428 217502909.439600 7240385.860218
-111100218.032493 216733342.877016 7268127.843519
-112879930.117711 215948933.469120 7295372.084324
-114651924.629020 215149757.182103 7322117.468744
-116416092.077776 214335890.564070 7348362.913548
-118172323.726463 213507410.738528 7374107.365994
-119920511.587378 212664395.397976 7399349.803663
-123392327.736092 210935071.749044 7448324.695617
-125115743.785378 210048921.614325 7472055.255199
-126830691.567084 209148552.299791 7495280.010277
-128537066.822040 208234044.250208 7517998.087603
-130234766.032537 207305478.442936 7540208.643285
-131923686.420875 206362936.382194 7561910.862631
-133603725.947896 205406500.093422 7583103.959997
-135274783.311501 204436252.117739 7603787.178631
-136936757.945166 203452275.506483 7623959.790528
-138589550.016440 202454653.815847 7643621.096274
-140233060.425437 201443471.101611 7662770.424904
-141867190.803328 200418811.913949 7681407.133754
-143491843.510816 199380761.292335 7699530.608315
-145106921.636620 198329404.760528 7717140.262092
-146712328.995946 197264828.321650 7734235.536465
-148307970.128961 196187118.453339 7750815.900544
-149893750.299267 195096362.102997 7766880.851036
-151469575.492373 193992646.683106 7782429.912108
-153035352.414170 192876060.066641 7797462.635251
-154590988.489403 191746690.582550 7811978.599143
-156136391.860157 190604627.011320 7825977.409526
-157671471.384330 189449958.580622 7839458.699067
-159196136.634126 188282774.961029 7852422.127231
-160710297.894535 187103166.261814 7864867.380156
-162213866.161832 185911223.026824 7876794.170524
-163706753.142072 184707036.230428 7888202.237432
-165188871.249584 183490697.273547 7899091.346274
-166660133.605478 182262297.979753 7909461.288612
-168120454.036151 181021930.591452 7919311.882059
-169569747.071792 179769687.766143 7928642.970152
-171007927.944902 178505662.572766 7937454.422241
-172434912.588806 177229948.488121 7945746.133364
-173850617.636186 175942639.393395 7953518.024138
-175254960.417621 174643829.570760 7960770.040646
-176647858.960143 173333613.700087 7967502.154329
-178029231.985822 172012086.855736 7973714.361887
-179398998.910388 170679344.503464 7979406.685179
-180757079.841900 169335482.497413 7984579.171134
-182103395.579470 167980597.077193 7989231.891668
-183437867.612054 166614784.865048 7993364.943612
-184760418.117324 165238142.863082 7996978.448636
-186070969.960614 163850768.450535 8000072.553195
-187369446.693946 162452759.381095 8002647.428463
-188655772.555121 161044213.780222 8004703.270280
-189929872.466868 159625230.142482 8006240.299093
-191191672.036027 158195907.328869 8007258.759899
-192441097.552761 156756344.564139 8007758.922181
-193678075.989760 155306641.434132 8007741.079841
-194902535.001452 153846897.883126 8007205.551127
-196114402.923187 152377214.211202 8006152.678556
-197313608.770418 150897691.071666 8004582.828834
-198500082.237858 149408429.468519 8002496.392773
-199673753.698642 147909530.753988 7999893.785209
-200834554.203483 146401096.626140 7996775.444919
-201982415.479851 144883229.126550 7993141.834542
-203117269.931157 143356030.638065 7988993.440498
-204239050.635983 141819603.882621 7984330.772917
-205347691.347334 140274051.919140 7979154.365566
-206443126.491936 138719478.141485 7973464.775783
-207525291.169572 137155986.276481 7967262.584412
-209649552.884729 134002664.845020 7953322.837454
-210691523.481811 132413044.379942 7945586.560564
-211719970.730055 130814924.026668 7937340.239373
-212734833.086260 129208409.148939 7928584.571419
-213736049.677304 127593605.432628 7919320.277433
-214723560.299822 125970618.884086 7909548.101294
-215697305.419921 124339555.828526 7899268.809991
-216657226.172949 122700522.908442 7888483.193580
-217603264.363308 121053627.082068 7877192.065153
-218535362.464318 119398975.621867 7865396.260800
-219453463.618124 117736676.113050 7853096.639578
-220357511.635653 116066836.452137 7840294.083478
-221247450.996620 114389564.845538 7826989.497401
-222123226.849575 112704969.808173 7813183.809126
-222984785.012009 111013160.162113 7798877.969288
-223832071.970494 109314245.035257 7784072.951355
-224665034.880885 107608333.860034 7768769.751602
-225483621.568562 105895536.372126 7752969.389098
-226287780.528724 104175962.609228 7736672.905680
-227077460.926734 102449722.909822 7719881.365945
-227852612.598509 100716927.911983 7702595.857227
-228613186.050964 98977688.552203 7684817.489591
-229359132.462508 97232116.064239 7666547.395815
-230090403.683588 95480321.977984 7647786.731386
-230806952.237282 93722418.118356 7628536.674488
-231508731.319953 91958516.604207 7608798.425999
-232195694.801944 90188729.847255 7588573.209481
-232867797.228332 88413170.551026 7567862.271183
-233524993.819737 86631951.709818 7546666.880034
-234167240.473177 84845186.607682 7524988.327646
-234794493.762985 83052988.817414 7502827.928316
-235406710.941774 81255472.199562 7480187.019024
-236003849.941458 79452750.901449 7457066.959447
-236585869.374332 77644939.356206 7433469.131954
-237152728.534200 75832152.281814 7409394.941622
-237704387.397567 74014504.680159 7384845.816244
-238240806.624878 72192111.836098 7359823.206333
-238761947.561818 70365089.316526 7334328.585145
-239267772.240670 68533552.969458 7308363.448681
-239758243.381724 66697618.923111 7281929.315712
-240233324.394747 64857403.584994 7255027.727785
-240692979.380507 63013023.641004 7227660.249252
-241137173.132357 61164596.054515 7199828.467278
-241565871.137868 59312238.065480 7171533.991868
-241979039.580529 57456067.189530 7142778.455885
-242376645.341499 55596201.217065 7113563.515073
-242758656.001406 53732758.212352 7083890.848081
-243125039.842220 51865856.512615 7053762.156487
-243475765.849163 49995614.727123 7023179.164821
-243810803.712685 48122151.736272 6992143.620597
-244130123.830490 46245586.690659 6960657.294331
-244433697.309614 44366039.010150 6928721.979578
-244721495.968555 42483628.382944 6896339.492953
-244993492.339455 40598474.764626 6863511.674165
-245249659.670336 38710698.377212 6830240.386041
-245489971.927374 36820419.708192 6796527.514563
-245714403.797233 34927759.509566 6762374.968891
-245922930.689441 33032838.796875 6727784.681404
-246115528.738820 31135778.848238 6692758.607724
-246292174.807963 29236701.203385 6657298.726760
