17913355.674994 -64963493.083519 -6951497.507677
21096543.075637 -63526729.045040 -7126159.982871
24211186.672953 -61883682.837707 -7277678.896658
27245506.703612 -60035446.262237 -7405062.669687
30187357.055363 -57983567.581419 -7507323.406628
33024201.236653 -55730108.592417 -7583479.354608
35743090.946699 -53277710.374822 -7632558.309103
38330648.323405 -50629668.590102 -7653602.137692
40773053.234417 -47790019.240480 -7645672.621112
43056037.325583 -44763635.792628 -7607858.842902
45164886.958972 -41556338.516063 -7539286.392670
47084457.666193 -38175016.754204 -7439128.682580
48799203.315575 -34627764.606457 -7306620.709595
50293223.841685 -30924030.112540 -7141075.624036
51550336.100718 -27074777.445866 -6941904.482846
52554173.168590 -23092660.781201 -6708639.566337
53288318.140726 -18992207.334738 -6440961.609879
53736479.142569 -14790005.508941 -6138731.233753
53882712.694729 -10504892.041383 -5802024.728128
53711702.619976 -6158129.506732 -5431174.145743
53209101.092978 -1773562.448132 -5026811.350023
52361936.916530 2622263.108802 -4589915.239285
51159093.308430 7000035.782596 -4121860.802269
49591853.036999 11327693.281532 -3624467.953654
47654502.346421 15570540.778803 -3100047.271733
45344976.639536 19691500.180630 -2551438.872434
42665520.548319 23651515.941881 -1982039.812374
39623323.557049 27410137.925567 -1395814.783178
36231081.164537 30926291.751640 -797284.654852
32507422.812628 34159231.621213 -191487.885545
28477144.138974 37069650.211245 416088.855564
24171185.250697 39620896.790060 1019612.210195
19626310.637719 41780231.623166 1613033.992428
14884470.352970 43520026.624314 2190247.901578
9991854.079438 44818813.891433 2745261.983630
4997685.050883 45662088.908400 3272374.915414
-47166.894114 46042794.860439 3766342.827935
-5091651.116515 45961446.376086 4222523.903544
-10085970.477659 45425889.620501 4636990.370059
-14982881.332501 44450733.843623 5006601.327818
-19738777.734945 43056520.350373 5329034.323909
-24314508.437081 41268713.688928 5602777.884405
-28675907.803203 39116605.091958 5827090.628939
-32794051.063230 36632211.351761 6001934.720548
-36645266.510156 33849236.927009 6127892.181764
-40210950.694694 30802147.467865 6206072.239515
-43477237.781057 27525382.992221 6238016.699869
-46434572.695847 24052721.429748 6225608.781974
-49077231.750028 20416789.664593 6170989.184353
-51402826.183832 16648709.933333 6076481.643846
-53411815.283675 12777864.091895 5944529.003499
-55107047.502335 8831756.073923 5777639.872641
-56493341.017052 4835952.931225 5578345.326048
-57577109.624145 814086.351361 5349164.704082
-58366035.767789 -3212101.176312 5092579.385405
-58868789.661282 -7222678.810435 4811013.352891
-59094791.646202 -11199429.153613 4506819.414092
-59054013.907196 -15125737.807863 4182270.032621
-58756817.200725 -18986477.093302 3839551.848898
-58213818.185772 -22767888.658309 3480763.099144
-57435783.123708 -26457468.355624 3107913.268559
-56433544.039971 -30043855.693782 2722924.431542
-55217933.838998 -33516729.355298 2327633.835179
-53799737.286639 -36866709.659181 1923797.371199
-52189655.189604 -40085268.395683 1513093.656431
-50398279.490707 -43164646.140754 1097128.503680
-48436077.351863 -46097776.936876 677439.615374
-46313382.610087 -48878220.081848 255501.372945
-44040393.264950 -51500098.678466 -167270.372789
-41627173.891064 -53958044.550877 -589513.579560
-39083662.069513 -56247149.116253 -1009915.409429
-36419678.101397 -58362919.804498 -1427207.776724
-33644937.408756 -60301241.637570 -1840163.071005
-30769065.146631 -62058343.608914 -2247590.069339
-27801612.648429 -63630769.538978 -2648330.046108
-24752075.407869 -65015353.122574 -3041253.084344
-21629912.367303 -66209196.926251 -3425254.589939
-18444566.336214 -67209655.137907 -3799252.008765
-15205485.406918 -68014319.916027 -4162181.746406
-11922145.268451 -68621011.231919 -4512996.290897
-8604072.345193 -69027770.145218 -4850661.540315
-5260867.704826 -69232855.500798 -5174154.339346
-1902231.691068 -69234744.084583 -5482460.231966
1462010.759664 -69032134.326775 -5774571.441238
4821884.162097 -68623953.694364 -6049485.091865
8167235.942475 -68009369.970812 -6306201.696836
11487709.391977 -67187806.679975 -6543723.936167
14772716.220460 -66158962.974053 -6761055.763722
18011408.860840 -64922838.371767 -6957201.887462
21192652.732007 -63479762.803103 -7131167.679463
24304998.743415 -61830432.490361 -7281959.584996
27336656.421223 -59975952.270961 -7408586.114960
30275468.158487 -57917885.043784 -7510059.523501
33108885.246049 -55658309.094792 -7585398.292802
35823946.532598 -53199884.125009 -7633630.570147
38407260.799218 -50545926.858025 -7653798.728500
40844994.223485 -47700497.135787 -7644965.251025
43122864.659100 -44668495.407440 -7606220.171814
45226144.877248 -41455772.458640 -7536690.338987
47139677.411890 -38069252.094031 -7435550.800804
48847904.226542 -34517067.242164 -7302038.648354
50334915.072347 -30808709.559780 -7135469.676141
51584519.124101 -26955192.021024 -6935258.239364
52580345.234927 -22969223.126681 -6700940.686362
53305976.891189 -18865390.190187 -6432202.716413
53745128.595059 -14660347.578010 -6128910.943273
53881870.828208 -10373003.733270 -5791148.816556
53700910.778231 -6024698.244884 -5419256.845922
53187935.399632 -1639357.135682 -5013876.764710
52330021.830233 2756388.992269 -4575998.838502
51116117.339096 7133143.097127 -4107010.954228
49537586.479588 11458758.907794 -3608747.414553
47588816.660460 15698462.890648 -3083534.532682
45267864.810210 19815107.946900 -2534229.234024
42577117.421854 23769584.406334 -1964246.033203
39523924.781226 27521408.588594 -1377567.133819
36121159.039329 31029498.988666 -778730.210683
32387637.141977 34253134.516217 -172788.917705
28348346.159698 37153068.693366 434757.476748
24034412.976812 39692750.217844 1038066.600076
19482774.539562 41839577.291628 1631085.717912
14735529.167177 43566095.227028 2207709.104019
9838981.614229 44851038.893883 2761950.830476
4842429.935621 45680127.161186 3288120.983247
-203225.675332 46046536.586569 3780992.003618
-5246949.556604 45951013.782945 4235942.434588
-10239002.367532 45401624.610826 4649067.793014
-15132235.647428 44413176.402827 5017252.135194
-19883168.476756 43006379.981431 5338198.369764
-24452795.816697 41206836.649502 5610419.651370
-28807110.628370 39043940.161508 5833197.567248
-32917351.009595 36549776.501837 6006514.915304
-36760005.513316 33758088.712845 6130971.610723
-40316622.989165 30703354.334752 6207691.859025
-43573478.164245 27420003.101286 6238229.553339
-46521142.474286 23941785.121386 6224477.274341
-49154003.600880 20301286.322063 6168582.616387
-51469768.897343 16529578.782906 6072874.057119
-53468979.086540 12655988.360379 5939797.352956
-55154550.425218 8707959.892843 5771862.519450
-56531356.574999 4711000.402363 5571600.827594
-57605855.929387 688682.247640 5341530.869133
-58385766.087022 -3337309.525266 5084132.558774
-58879784.357507 -7347098.819708 4801827.893792
-59097351.401205 -11322519.768026 4496967.334462
-59048454.097624 -15247006.000434 4171820.765025
-58743463.292399 -19105474.250177 3828572.117510
-58193002.012462 -22884206.976439 3469316.871215
-57407839.924321 -26570737.342159 3096061.767561
-56398810.139282 -30153738.827031 2710726.196522
-55176744.869733 -33622920.944894 2315144.813836
-53752426.863699 -36968931.926523 1911071.036731
-52136553.959659 -40183268.783678 1500181.140319
-50339714.491884 -43258194.853363 1084078.738310
-48372371.628548 -46186664.703143 664299.481851
-46244855.036949 -48962256.135376 242315.850576
-43967358.542138 -51579108.941055 -180458.057951
-41549942.679267 -54031870.008004 -602661.809010
-39002541.239292 -56315644.371760 -1022984.030667
-36334971.076019 -58425951.802198 -1440157.966829
-33556944.583772 -60358688.538164 -1852957.205894
-30678084.372836 -62110093.811589 -2260191.599109
-27707939.767591 -63676720.838221 -2660703.376660
-24656004.832932 -65055411.991979 -3053363.465387
-21531737.700623 -66243277.922454 -3437068.009416
-18344581.020906 -67237680.419155 -3810735.093695
-15103983.407604 -68036218.871299 -4173301.670169
-11819421.778620 -68636720.217985 -4523720.686983
-8500424.519074 -69037232.330448 -4860958.422650
-5156595.412145 -69236020.816112 -5183992.029345
-1797638.293282 -69231569.283418 -5491807.292615
1566617.613019 -69022583.157631 -5783396.618585
4926191.718550 -68607997.191143 -6057757.264499
8270925.515324 -67986986.867965 -6313889.834093
11590455.515399 -67158983.961362 -6550797.066044
14874185.795000 -66123696.566403 -6767482.951748
18111260.294799 -64881133.995757 -6962952.228067
21290535.086270 -63431636.997282 -7136210.301798
24400550.889939 -61775913.825450 -7286263.675544
27429506.228737 -59915082.774446 -7412120.959824
30365231.723285 -57850721.857020 -7512794.573814
33195166.191042 -55584926.387074 -7587303.257385
35906335.404449 -53120375.290950 -7634675.540308
38485334.601505 -50460407.025966 -7653954.340723
40918316.133743 -47609106.015428 -7644202.894239
43190983.989540 -44571400.504032 -7604512.246974
45288597.353124 -41353172.678181 -7534010.579745
47195985.858112 -37961381.758189 -7431874.665122
48897579.772215 -34404200.521967 -7297343.791839
50377459.004210 -30691165.322070 -7129736.518646
51619425.542846 -26833339.059545 -6928470.636654
52607104.691811 -22843485.718490 -6693086.718279
53324081.204332 -18736253.875569 -6423275.601481
53754077.062050 -14528365.005991 -6118910.086699
53881178.059575 -10238800.343326 -5780080.993453
53690116.368452 -5888977.467444 -5407137.513654
53166615.620190 -1502904.690630 -5000731.486866
52297803.462480 2892702.234780 -4561864.787469
51072693.651993 7268360.346622 -4091938.439407
49482735.187967 11591839.532121 -3592801.359146
47522419.466115 15828288.170503 -3066795.794885
45189927.831793 19940491.336485 -2516795.641062
42487791.474607 23889287.030951 -1946232.973073
39423524.107728 27634160.471985 -1359107.536104
36010176.773776 31134026.100650 -759973.751406
32266755.590061 34348191.162958 -153900.311279
28218439.980795 37237474.075137 453601.177939
23896543.641612 39765427.237125 1056679.690976
19338175.042231 41899591.036998 1649278.394070
14585578.868284 43612688.138718 2225292.649249
9685172.169503 44883659.572794 2778743.102660
4686324.346432 45698450.190764 3303951.796123
-360037.981972 46050471.573670 3795707.990850
-5402898.231015 45940702.960249 4249411.031314
-10392578.847334 45377429.571708 4661180.071672
-15282030.185657 44375655.631411 5027924.366466
-20027899.439609 42956259.610923 5347372.319656
-24591330.209399 41144977.235712 5618061.746820
-28938475.787960 38971302.202276 5839297.148049
-33040738.206116 36467387.054845 6011081.832874
-36874766.743748 33667010.893773 6134033.437408
-40422262.518398 30604660.846229 6209290.944766
-43669640.402744 27314754.354557 6238420.121614
-46607597.648158 23831012.031329 6223322.697668
-49230632.436763 20185977.508125 6166152.961757
-51536547.272307 16410671.690689 6069243.948932
-53525963.325533 12534363.710707 5935044.167632
-55201863.692265 8584438.839888 5766064.902111
-56569176.611628 4586343.812683 5564837.506002
-57634404.246920 563591.574607 5333879.731693
-58405298.614635 -3462190.219686 5075669.960142
-58890583.478498 -7471180.063591 4792628.151802
-59099719.268169 -11445263.390714 4487102.384430
-59042707.095970 -15367921.581620 4161359.941027
-58729927.514798 -19224115.475397 3817582.034207
-58172009.609478 -23000168.021170 3457861.383869
-57379726.204921 -26683649.369786 3084201.991649
-56363911.306601 -30263266.657344 2698520.571791
-55135396.290411 -33728759.928047 2302649.200594
-53704961.782231 -37070805.041349 1898338.834698
-52083302.581708 -40280923.967649 1487263.422437
-50281003.371990 -43351402.563358 1071024.393672
-48308523.307975 -46275215.700763 651155.363255
-46176187.886411 -49045959.487052 229126.923356
-43894186.772001 -51657790.221262 -193648.568307
-41472576.486485 -54105369.692946 -615812.272226
-38921287.066013 -56383816.410808 -1036054.271312
-36250131.959571 -58488662.354738 -1453109.129049
-33468820.581741 -60415814.864306 -1865751.623796
-30586973.050254 -62161523.306213 -2272792.673131
-27614136.736030 -63722350.199019 -2673075.456088
-24559804.333517 -65095146.513449 -3065471.737089
-21433433.224875 -66277030.909141 -3448878.392810
-18244465.964771 -67265372.712828 -3822214.141930
-15002351.755216 -68057778.488183 -4184416.477525
-11716568.813246 -68652082.093583 -4534438.802525
-8396647.559361 -69046338.171010 -4871247.770223
-5052194.572181 -69238819.057257 -5193820.834117
-1692917.265230 -69228015.158057 -5501144.014445
1671350.755027 -69012638.876896 -5792209.892659
5030623.694789 -68591632.243799 -6066015.849840
8374736.999227 -67964178.445545 -6321562.570734
11693320.277573 -67129717.518211 -6557852.841902
14975769.836628 -66087966.525821 -6773890.680489
18211220.976106 -64838944.615602 -6968680.839610
21388520.257880 -63383003.410629 -7141228.747433
24496198.037642 -61720863.274270 -7290540.950128
27522441.645699 -59853656.056632 -7415626.143991
30455069.728044 -57782975.009473 -7515496.899747
33281508.415163 -55510932.629757 -7589172.202374
35988770.180426 -53040227.258718 -7635680.953091
38563436.489834 -50374219.316312 -7654066.606475
40991645.638192 -47517018.080703 -7643393.145037
43259087.521796 -44473579.915679 -7602752.625598
45351007.522455 -41249818.787470 -7531274.565741
47252222.178583 -37852729.771940 -7428137.473131
48947149.899339 -34290526.001656 -7292582.853132
50419860.634525 -30572789.099156 -7123932.057508
51654149.133085 -26710632.537035 -6921606.353546
52633637.177921 -22716876.496658 -6685150.591219
53341910.922448 -18606231.596138 -6414260.815537
53762700.090422 -14395487.251673 -6108816.098344
53880106.207559 -10103698.356546 -5768914.731200
53678887.029389 -5752361.362522 -5394914.708223
53144803.670678 -1365567.728672 -4987478.112385
52265035.320739 3029880.855063 -4547618.579338
51028663.491275 7404414.846867 -4076750.434081
49427223.126591 11725719.829707 -3576737.376591
47455311.316889 15958865.906609 -3049937.757139
45111235.691867 20066570.489840 -2499242.592793
42397674.087787 24009619.842702 -1928101.646852
39322305.570084 27747469.158183 -1340532.292316
35898361.837933 31239030.413690 -741105.727756
32145039.632153 34443641.282141 -134905.646828
28087711.714232 37322187.598924 472544.119565
23757878.968962 39838328.303534 1075384.085367
19192821.065477 41959748.946322 1667553.581979
14434927.995093 43659352.448693 2242949.382702
9530727.344343 44916288.617131 2795599.067604
4529657.516393 45716730.409511 3319837.004608
-517331.197992 46054325.909257 3810469.627670
-5559244.245354 45930287.730290 4262917.392811
-10546468.795578 45353120.466236 4673323.339203
-15432056.739968 44338024.568539 5038622.093102
-20172785.737849 42906044.938806 5356567.649397
-24729949.913249 41083050.099770 5625722.506140
-29069864.264890 38898631.817289 5845414.033201
-33164095.625780 36385007.223891 6015665.956925
-36989454.410305 33575989.532385 6137113.501993
-40527794.016649 30506073.632165 6210910.272986
-43765669.158846 27209663.034227 6238633.742399
-46693902.361705 23720447.435649 6222194.619660
-49307101.600916 20070926.987677 6163753.724692
-51603163.722347 16292070.467987 6065648.497790
-53582789.486939 12413089.544967 5930330.061780
-55249027.963031 8461309.379083 5760310.848224
-56606861.121801 4462116.041478 5558122.188760
-57662834.092985 438962.831988 5326280.908201
-58424732.563309 -3586580.100101 5067263.781054
-58901306.066625 -7594745.856297 4783488.672513
-59102034.185079 -11567471.113774 4477301.232252
-59036931.714614 -15488284.887388 4150966.107867
-58716388.432070 -19342191.962465 3806661.768378
-58151039.059531 -23115555.587277 3446478.158739
-57351659.218351 -26795982.688813 3072416.532670
-56329083.500376 -30372213.835146 2686390.926844
-55094142.186736 -33834019.370483 2290230.841596
-53657613.567814 -37172102.552046 1885684.780887
-52030189.231552 -40378010.081678 1474424.377879
-50222450.073395 -43444050.115101 1058048.893212
-48244851.130763 -46363217.618965 638089.922529
-46107713.654446 -49129126.806741 216016.189581
-43821223.098868 -51735950.300372 -206761.667181
-41395431.944884 -54178364.620678 -628886.381746
-38840266.466054 -56451501.594718 -1049049.469346
-36165536.715903 -58550905.274005 -1465986.790021
-33380949.153415 -60472493.977496 -1878474.288872
-30496121.440499 -62212527.102892 -2285323.926652
-27520599.041830 -63767576.385814 -2685379.808422
-24463873.337134 -65134501.326456 -3077514.513969
-21335401.021222 -66310428.545969 -3460625.631166
-18144624.620030 -67292734.878957 -3833632.492234
-14900993.993236 -68079034.053747 -4195473.112631
-11613988.727109 -68667166.858146 -4545101.333083
-8293141.346150 -69055194.735364 -4881484.166778
-4948061.289379 -69241396.802781 -5203599.356098
-1588459.607344 -69224270.335707 -5510433.146373
1775825.661061 -69002534.809518 -5800978.288038
5134803.477185 -68575139.647088 -6074232.283358
8478303.214204 -67941275.874754 -6329195.899606
11795947.570702 -67100391.949506 -6564871.977414
15077125.097065 -66052214.083156 -6780264.571087
18310962.489824 -64796771.455973 -6974378.467158
21486296.868139 -63334426.782727 -7146219.138688
24591648.323767 -61665912.767730 -7294793.205836
27615193.134733 -59792375.061304 -7419109.488554
30544738.158311 -57715422.406318 -7518180.754933
33367697.076207 -55437184.737001 -7591026.289203
36071069.360554 -52960380.058593 -7636675.426748
38641423.070681 -50288390.988812 -7654172.229933
41064882.885610 -47425351.870931 -7642581.507964
43327125.134222 -44376247.360115 -7600996.416104
45413382.011871 -41147023.321082 -7528547.903548
47308457.675446 -37744710.731732 -7424416.313710
48996759.491415 -34177563.031839 -7287845.473265
