-2.6247608943683267E7 1.4438758953373837E8 22024.44281307608 
-2.872586413536841E7 1.439151294036144E8 25330.421115994453 
-3.1202605429164253E7 1.4341942545513523E8 26670.091613776982 
-3.368246204933985E7 1.428977746994773E8 25976.82235170901 
-3.616887906490913E7 1.4234612912344202E8 23345.352955415845 
-3.8663807101240985E7 1.417596479693755E8 19007.05368001014 
-4.116766143653175E7 1.4113325748958698E8 13290.761886507273 
-4.367947830993774E7 1.4046210027149266E8 6581.551876701415 
-4.6197166186652936E7 1.3974183254485032E8 -714.2539002224803 
-4.871776995829269E7 1.3896878689328954E8 -8194.884285353124 
-5.1237704004042886E7 1.3814004261227188E8 -15480.545385234058 
-5.375294198625771E7 1.3725344490961084E8 -22224.85061121732 
-5.625916954732041E7 1.3630760168782377E8 -28122.65799114108 
-5.875191261871393E7 1.3530187288130382E8 -32916.04583644867 
-6.122665333647069E7 1.342363567746044E8 -36399.350620761514 
-6.367894143872268E7 1.3311187152578138E8 -38423.529468499124 
-6.6104504168920726E7 1.3192992788947788E8 -38899.70331160724 
-6.849935387770522E7 1.3069268988365117E8 -37801.60127944499 
-7.085989074665914E7 1.2940292251564062E8 -35166.71389525384 
-7.318299864397684E7 1.2806392812530215E8 -31096.17133616656 
-7.546613456539953E7 1.2667947395525242E8 -25753.559680365026 
-7.770741522122614E7 1.2525371219506583E8 -19362.937417589128 
-7.990570645683137E7 1.2379108961221038E8 -12206.109811618924 
-8.20607204542075E7 1.2229623741154943E8 -4618.7018251642585 
-8.41731200459339E7 1.207738246016061E8 3016.245533823967 
-8.624461717350832E7 1.1922835294409102E8 10279.400258563459 
-8.827803325300586E7 1.1766387401665924E8 16733.95301065594 
