-7464560.396148 107351907.705941 1901797.347397
-10490020.395419 107083105.940924 2072719.893954
-13507143.214500 106729191.255561 2241994.843897
-16513527.164671 106290417.102901 2409487.053620
-19506777.693125 105767105.734618 2575062.734338
-22484509.395569 105159648.017293 2738589.565822
-25444348.025477 104468503.186936 2899936.809112
-28383932.498000 103694198.541738 3058975.418064
-31300916.886449 102837329.073106 3215578.149627
-34192972.409302 101898557.035141 3369619.672723
-37057789.405684 100878611.452748 3520976.675608
-39893079.297246 99778287.568699 3669527.971608
-42696576.534391 98598446.230000 3815154.603100
-45466040.524796 97340013.214017 3957739.943632
-48199257.542192 96003978.494891 4097169.798070
-50894042.613371 94591395.450823 4233332.500654
-53548241.381431 93103380.012915 4366119.010875
-56159731.943254 91541109.756325 4495423.007039
-58726426.659293 89905822.934538 4621140.977458
-61246273.933708 88198817.457661 4743172.309132
-63717259.962993 86421449.815714 4861419.373851
-66137410.451229 84575133.947961 4975787.611625
-68504792.290146 82661340.059378 5086185.611346
-70817515.202239 80681593.385461 5192525.188612
-73073733.345220 78637472.906611 5294721.460613
-75271646.876117 76530610.013422 5392692.918034
-77409503.473440 74362687.124232 5486361.493871
-79485599.815817 72135436.256412 5575652.629112
-81498283.015625 69850637.552846 5660495.335212
-83445952.006160 67510117.765188 5740822.253303
-85327058.880974 65115748.695481 5816569.710074
-87140110.184055 62669445.597782 5887677.770286
-88883668.149586 60173165.541490 5954090.285845
-90556351.890114 57628905.738104 6015754.941420
-92156838.531958 55038701.833189 6072623.296529
-93683864.296828 52404626.165345 6124650.824084
-95136225.528616 49728785.994052 6171796.945342
-96512779.664456 47013321.698247 6214025.061242
-97812446.149163 44260404.947580 6251302.580097
-99034207.292279 41472236.848270 6283600.941628
-100177109.067015 38651046.065579 6310895.637321
-101240261.850455 35799086.924850 6333166.227098
-102222841.104477 32918637.493178 6350396.352309
-103124087.996927 30011997.643689 6362573.745021
-103943309.962655 27081487.104492 6369690.233646
-104679881.204111 24129443.494324 6371741.744883
-105333243.131272 21158220.346907 6368728.302015
-105902904.740732 18170185.126065 6360654.019562
-106388442.933889 15167717.233609 6347527.094324
-106789502.774216 12153206.011995 6329359.792838
-107105797.683670 9129048.743777 6306168.435276
-107337109.578373 6097648.649825 6277973.375828
-107483288.943757 3061412.888291 6244798.979603
-107544254.849449 22750.556255 6206673.596086
-107519994.904198 -3015929.303992 6163629.529217
-107410565.151268 -6052219.692165 6115703.004115
-107216089.904716 -9083717.628802 6062934.130526
-106936761.527119 -12108026.123869 6005366.863019
-106572840.149312 -15122756.133341 5943048.958025
-106124653.332799 -18125528.501988 5876031.927739
-106124653.332799 -18125528.501988 5876031.927739
-105592595.675545 -21113975.890632 5804370.990987
-104977128.361930 -24085744.686192 5728125.021087
-104278778.657679 -27038496.892836 5647356.490805
-103498139.350656 -29969912.002636 5562131.414457
-102635868.138414 -32877688.844132 5472519.287240
-101692686.963506 -35759547.407293 5378593.021872
-100669381.297532 -38613230.643360 5280428.882608
-99566799.374984 -41436506.238160 5178106.416728
-98385851.377970 -44227168.357477 5071708.383568
-97127508.572937 -46983039.363158 4961320.681178
-95792802.400550 -49701971.498649 4847032.270702
-94382823.519909 -52381848.542739 4728935.098554
-92898720.808320 -55020587.430313 4607124.016478
-91341700.317872 -57616139.838991 4481696.699592
-89713024.190065 -60166493.740564 4352753.562481
-88014009.529804 -62669674.916201 4220397.673454
-86246027.240040 -65123748.434450 4084734.667031
-84410500.818414 -67526820.091111 3945872.654764
-82508905.117211 -69877037.810104 3803922.134478
-80542765.068014 -72172593.004519 3658995.898012
-78513654.372384 -74411721.897064 3511208.937564
-76423194.159976 -76592706.799219 3360678.350721
-74273051.615441 -78713877.348402 3207523.244260
-72064938.575513 -80773611.702538 3051864.636815
-69800610.097671 -82770337.691474 2893825.360495
-67481863.001741 -84702533.924703 2733529.961537
-65110534.385858 -86568730.854928 2571104.600090
-62688500.118134 -88367511.797046 2406676.949198
-60217673.305445 -90097513.902166 2240376.093090
-57700002.740687 -91757429.086317 2072332.424841
-55137471.329876 -93346004.913566 1902677.543497
-52532094.500447 -94862045.433286 1731544.150743
-49885918.592103 -96304411.971357 1559065.947194
-47201019.231547 -97672023.875147 1385377.528396
-44479499.692415 -98963859.212125 1210614.280593
-41723489.241735 -100178955.422010 1034912.276375
-38935141.474196 -101316409.922416 858408.170236
-36116632.635506 -102375380.667941 681239.094160
-33270159.936122 -103355086.662732 503542.553278
-30397939.856578 -104254808.426552 325456.321680
-27502206.445658 -105073888.414430 147118.338449
-24585209.612623 -105811731.389989 -31333.396013
-21649213.414680 -106467804.752582 -209760.923296
-18696494.340888 -107041638.818395 -388026.429879
-15729339.593636 -107532827.055693 -565992.349527
-12750045.368850 -107941026.274422 -743521.465145
-9760915.136033 -108265956.770386 -920477.010013
-6764257.919254 -108507402.424250 -1096722.768353
-3762386.580150 -108665210.755653 -1272123.175158
-757616.104016 -108739292.932696 -1446543.415239
2247738.109987 -108729623.737132 -1619849.521419
5251361.953471 -108636241.485576 -1791908.471833
8250944.307310 -108459247.907065 -1962588.286269
11244178.732982 -108198807.977342 -2131758.121505
14228765.155805 -107855149.710216 -2299288.365589
17202411.539097 -107428563.906395 -2465050.731006
20162835.548328 -106919403.860181 -2628918.346691
23107766.204350 -106328085.024449 -2790765.848836
26034945.524778 -105655084.634334 -2950469.470447
28942130.152652 -104900941.290069 -3107907.129596
31827092.971500 -104066254.499432 -3262958.516344
34687624.705954 -103151684.180267 -3415505.178275
37521535.507085 -102157950.123565 -3565430.604608
40326656.521659 -101085831.417580 -3712620.308850
43100841.444508 -99936165.833485 -3856961.909951
45841968.053255 -98709849.173048 -3998345.211918
48547939.724633 -97407834.578828 -4136662.281871
51216686.931643 -96031131.807386 -4271807.526470
53846168.720827 -94580806.466005 -4403677.766721
56434374.168907 -93057979.213414 -4532172.311086
58979323.818080 -91463824.925033 -4657193.026882
61479071.089230 -89799571.823235 -4778644.409930
63931703.672361 -88066500.573160 -4896433.652416
66335344.893524 -86265943.344606 -5010470.708931
68688155.057555 -84399282.840534 -5120668.360656
70988332.765918 -82467951.292740 -5226942.277659
73234116.208981 -80473429.425258 -5329211.079276
75423784.432047 -78417245.386044 -5427396.392536
77555658.574475 -76300973.647537 -5521422.908610
79628103.081229 -74126233.876661 -5611218.437248
81639526.886216 -71894689.774864 -5696713.959170
83588384.566760 -69608047.888794 -5777843.676399
85473177.468575 -67268056.392217 -5854545.060485
87292454.800620 -64876503.839780 -5926758.898615
89044814.699190 -62435217.893257 -5994429.337559
90728905.260636 -59946064.020899 -6057503.925449
92343425.542104 -57410944.170530 -6115933.651340
93887126.529665 -54831795.417041 -6169672.982547
95358812.073245 -52210588.584951 -6218679.899720
96757339.787756 -49549326.846700 -6262915.929639
98081621.919819 -46850044.297362 -6302346.175691
99330626.179504 -44114804.506484 -6336939.346032
100503376.536487 -41345699.047751 -6366667.779372
101598953.980059 -38544846.007218 -6391507.468394
102616497.242402 -35714388.470836 -6411438.080764
103555203.484565 -32856492.992036 -6426442.977713
104414328.944583 -29973348.040145 -6436509.230179
105193189.547182 -27067162.430410 -6441627.632472
105891161.474518 -24140163.736454 -6441792.713456
106507681.697418 -21194596.685967 -6437002.745216
107042248.466583 -18232721.540488 -6427259.749199
107494421.763237 -15256812.460130 -6412569.499814
107863823.708710 -12269155.854126 -6392941.525456
108150138.932449 -9272048.718102 -6368389.106958
108353114.897965 -6267796.958979 -6338929.273444
108472562.186250 -3258713.708465 -6304582.795572
108508354.736182 -247117.626076 -6265374.176145
108460430.041477 2764668.807324 -6221331.638095
108328789.303758 5774321.004461 -6172487.109808
108113497.541301 8779513.994050 -6118876.207799
107814683.653083 11777924.149600 -6060538.216707
107432540.437721 14767230.923571 -5997516.066629
106967324.566956 17745118.585775 -5929856.307759
106419356.513338 20709277.964931 -5857609.082346
105789020.431771 23657408.192221 -5780828.093966
105076763.994648 26587218.445703 -5699570.574097
104283098.180276 29496429.694399 -5613897.246006
103408597.014365 32382776.440859 -5523872.285949
102453897.264341 35244008.460978 -5429563.281685
101419698.086306 38077892.539837 -5331041.188312
100306760.624476 40882214.202285 -5228380.281435
99115907.562966 43654779.437001 -5121658.107666
97848022.629827 46393416.412719 -5010955.432485
96504050.053270 49095977.185307 -4896356.185465
95084993.970052 51760339.394362 -4777947.402872
93591917.786019 54384407.947954 -4655819.167680
92025943.488884 56966116.694169 -4530064.546997
90388250.913288 59503430.078047 -4400779.526950
88680076.958303 61994344.782532 -4268062.945034
86902714.757534 64436891.352009 -4132016.419970
85057512.802036 66829135.797015 -3992744.279098
83145874.016304 69169181.178692 -3850353.483339
81169254.787641 71455169.171530 -3704953.549762
79129163.949268 73685281.602978 -3556656.471800
77027161.717553 75857741.968445 -3405576.637159
74864858.583828 77970816.920252 -3251830.743457
72643914.161287 80022817.729079 -3095537.711650
70366035.987518 82012101.716457 -2936818.597295
68032978.283260 83937073.656847 -2775796.499700
65646540.668057 85796187.147868 -2612596.469029
63208566.833495 87587945.947238 -2447345.411402
60720943.174799 89310905.275003 -2280171.992078
58185597.381588 90963673.079638 -2111206.536766
55604496.988666 92544911.266618 -1940580.931152
52979647.887768 94053336.888076 -1768428.518694
50313092.801236 95487723.292156 -1594883.996784
47606909.718660 96846901.230717 -1420083.311341
44863210.297583 98129759.924015 -1244163.549918
42084138.229392 99335248.081030 -1067262.833421
39271867.571566 100462374.874103 -889520.206500
36428601.047554 101510210.866628 -711075.526722
33556568.315545 102477888.892557 -532069.352606
30658024.207484 103364604.886518 -352642.830606
27735246.939736 104169618.663449 -172937.581149
24790536.296913 104892254.646666 6904.416167
21826211.790378 105531902.543345 186740.938120
18844610.793021 106088017.966413 366429.634043
15848086.651926 106560123.001901 545828.142516
12839006.780591 106947806.720874 724794.208486
9819750.732394 107250725.635063 903185.800688
6792708.257037 107468604.095420 1080861.229261
3760277.341719 107601234.632826 1257679.263454
724862.238833 107648478.240286 1433499.249306
-2311128.517976 107610264.595976 1608181.227189
-5345284.107488 107486592.226587 1781586.049094
-8375193.422504 107277528.610459 1953575.495547
-11398447.077349 106983210.220065 2124012.392042
-14412639.419379 106603842.503512 2292760.724865
-17415370.542483 106139699.804728 2459685.756199
-20404248.300606 105591125.222152 2624654.138383
-23376890.319250 104958530.405752 2787534.027211
-26330926.002950 104242395.292315 2948195.194159
-29263998.536657 103443267.779011 3106509.137406
-32173766.879009 102561763.335302 3262349.191549
-35057907.745406 101598564.553363 3415590.635886
-37914117.578873 100554420.637249 3566110.801151
-40740114.506625 99430146.831105 3713789.174591
-43533640.280323 98226623.786835 3858507.503276
-46292462.197967 96944796.871666 4000149.895519
-49014375.005415 95585675.416182 4138602.920308
-51697202.775527 94150331.903417 4273755.704637
-54338800.762941 92639901.099745 4405500.028634
-56937057.232532 91055579.128297 4533730.418387
-59489895.259615 89398622.485785 4658344.236350
-61995274.499984 87670347.003647 4779241.769264
-64451192.927936 85872126.754499 4896326.313462
-66855688.540414 84005392.904973 5009504.257500
-69206841.025510 82071632.516063 5118685.161996
-71502773.393553 80072387.292199 5223781.836624
-73741653.569077 78009252.280300 5324710.414150
-75921695.942031 75883874.520155 5421390.421455
-78041162.876598 73697951.647516 5513744.847463
-80098366.176089 71453230.451369 5601700.207910
-82091668.502405 69151505.386877 5685186.606872
-84019484.748639 66794617.045586 5764137.795017
-85880283.363435 64384450.584491 5838491.224496
-87672587.625782 61922934.115636 5908188.100444
-89394976.869019 59412037.057971 5973173.429025
-91046087.652845 56853768.453204 6033396.061983
-92624614.882231 54250175.247466 6088808.737667
-94129312.872193 51603340.540605 6139368.118478
-95558996.357454 48915381.804993 6185034.824726
-96912541.446091 46188449.075725 6225773.464859
-98188886.516353 43424723.114161 6261552.662043
-99387033.055882 40626413.546737 6292345.077090
-100506046.442688 37795756.981034 6318127.427698
-101545056.667251 34935015.101079 6338880.504021
-102503258.995244 32046472.743894 6354589.180551
-103379914.570430 29132435.959292 6365242.424316
-104174350.957346 26195230.054954 6370833.299402
-104885962.623507 23237197.628795 6371358.967814
-105514211.360880 20260696.590660 6366820.686680
-106058626.646507 17268098.175366 6357223.801829
-106518805.942197 14261784.949097 6342577.737763
-106894414.933296 11244148.811178 6322895.984040
-107185187.706610 8217588.993211 6298196.078122
-107390926.867627 5184510.057553 6268499.584703
-107511503.597266 2147319.897116 6233832.071566
-107546857.648435 -891572.261596 6194223.082013
-107496997.282750 -3929757.850261 6149706.103908
-107361999.147852 -6964830.943458 6100318.535395
-107142008.095788 -9994390.234449 6046101.647331
-106837236.943027 -13016041.000192 5987100.542501
-106447966.172701 -16027397.053784 5923364.111669
-105974543.579751 -19026082.682566 5854944.986537
-105417383.859700 -22009734.570157 5781899.489661
-104776968.141836 -24976003.700726 5704287.581410
-104053843.467634 -27922557.243850 5622172.804029
-103248622.215303 -30847080.418341 5535622.222882
-102361981.471393 -33747278.333494 5444706.364955
-101394662.350445 -36620877.806215 5349499.154683
-100347469.263702 -39465629.152565 5250077.847199
-99221269.137955 -42279307.952304 5146522.959077
-98016990.585632 -45059716.785052 5038918.196649
-96735623.027268 -47804686.936763 4927350.381989
-95378215.767536 -50512080.075233 4811909.376639
-93945877.026045 -53179789.893442 4692688.003168
-92439772.924124 -55805743.719585 4569781.964658
-90861126.428853 -58387904.092673 4443289.762178
-89211216.255600 -60924270.302668 4313312.610362
-87491375.730343 -63412879.894146 4179954.351161
-85702991.613087 -65851810.132540 4043321.365849
-83847502.883674 -68239179.432047 3903522.485393
-81926399.491323 -70573148.744343 3760668.899255
-79941221.069244 -72851922.907291 3614874.062724
-77893555.615680 -75073751.952870 3466253.602867
-75785038.142754 -77236932.373617 3314925.223186
-73617349.294504 -79339808.346903 3161008.607074
-71392213.935489 -81380772.916449 3004625.320162
-69111399.711372 -83358269.130499 2845898.711636
-66776715.582862 -85270791.136160 2684953.814621
-64390010.334418 -87116885.229439 2521917.245724
-61953171.059093 -88895150.860560 2356917.103798
-59468121.620922 -90604241.594209 2190082.868048
-56936821.096189 -92242866.024380 2021545.295527
-54361262.194989 -93809788.643542 1851436.318132
-51743469.664392 -95303830.665891 1679888.939162
-49085498.674591 -96723870.804503 1507037.129528
-46389433.189334 -98068846.002220 1333015.723696
-43657384.321991 -99337752.116149 1157960.315432
-40891488.678528 -100529644.555703 982007.153430
-38093906.688705 -101643638.874128 805293.036897
-35266820.926755 -102678911.313504 627955.211173
-32412434.422816 -103634699.303241 450131.263451
-29532968.966344 -104510301.912119 271959.018670
-26630663.402749 -105305080.253958 93576.435661
-23707771.924439 -106018457.847013 -84878.496409
-20766562.357487 -106649920.927253 -263267.861202
-17809314.445066 -107199018.715671 -441453.917934
-14838318.128821 -107665363.639816 -619299.203596
-11855871.829307 -108048631.509768 -796666.634598
-8864280.726591 -108348561.648781 -973419.607786
-5865855.042141 -108564956.978860 -1149422.100766
-2862908.323047 -108697684.061544 -1324538.771482
142244.270354 -108746673.094186 -1498635.056981
3147287.672419 -108711917.862064 -1671577.271326
6149908.614682 -108593475.646626 -1843232.702584
9147797.321898 -108391467.090252 -2013469.708854
12138649.200651 -108106076.017860 -2182157.813268
15120166.519573 -107737549.215760 -2349167.797923
18090060.080239 -107286196.168139 -2514371.796701
21046050.877794 -106752388.751573 -2677643.386909
23985871.750432 -106136560.887994 -2838857.679715
26907269.016810 -105439208.156533 -2997891.409320
29808004.100543 -104660887.364665 -3154623.020826
32685855.140913 -103802216.079128 -3308932.756758
35538618.588956 -102863872.117047 -3460702.742191
38364110.788090 -101846592.997746 -3609817.068449
41160169.538483 -100751175.355703 -3756161.875335
43924655.644360 -99578474.315154 -3899625.431835
46655454.443454 -98329402.826814 -4040098.215290
49350477.317842 -97004930.967215 -4177472.988960
52007663.185387 -95606085.201170 -4311644.877983
54624979.971061 -94133947.607875 -4442511.443649
57200426.057376 -92589655.071145 -4569972.755999
59732031.713223 -90974398.434325 -4693931.464684
62217860.500380 -89289421.620388 -4814292.868055
64656010.656988 -87536020.717757 -4930964.980474
67044616.457290 -85715543.032384 -5043858.597777
69381849.546940 -83829386.106626 -5152887.360896
71665920.253211 -81878996.705462 -5257967.817578
73895078.869418 -79865869.770612 -5359019.482192
76067616.912902 -77791547.343114 -5455964.893573
78181868.355926 -75657617.454938 -5548729.670895
80236210.828816 -73465712.990205 -5637242.567515
